#K-Path     Band-1    Band-2    Band-3    Band-4      ...     Band-n
  0.0000  -18.1493  -18.0629   -6.1806   -5.2038   -1.8335   -1.8335   -1.8262   -1.8262    4.0559    8.0563   10.4230   10.9787   10.9787   11.0127   11.0127   12.1127   13.4127   14.1909   17.2320   22.9941   24.5881   25.0519   28.2264   28.2265   30.2688   30.2689   30.6731   30.9928   30.9928   32.1872   34.1928   34.1967
  0.0760  -18.1359  -18.0497   -6.1623   -5.1865   -1.8915   -1.8852   -1.8605   -1.8531    4.0809    8.0626   10.4427   10.9701   11.0216   11.0389   11.0728   12.0688   13.4594   14.1519   17.2634   22.9608   24.6262   25.0881   28.0191   28.0262   29.8933   30.1214   30.1905   31.2418   32.0450   32.1949   33.6150   33.8967
  0.1520  -18.0959  -18.0101   -6.1075   -5.1349   -2.0622   -2.0579   -1.9398   -1.9321    4.1546    8.0805   10.4817   10.9504   11.0620   11.2172   11.2509   11.9381   13.5965   14.0376   17.3550   22.8593   24.7360   25.1948   27.3511   27.5379   29.5122   29.7444   29.9233   31.8484   32.2180   32.4555   33.2326   33.3319
  0.2280  -18.0293  -17.9443   -6.0164   -5.0490   -2.3359   -2.3334   -2.0659   -2.0577    4.2739    8.1069   10.4917   10.9202   11.1797   11.5078   11.5412   11.7234   13.8160   13.8559   17.4999   22.6845   24.9012   25.3672   26.4007   26.9597   29.2500   29.3783   29.6495   31.2609   32.2565   32.5687   32.6349   33.7489
  0.3040  -17.9366  -17.8527   -5.8893   -4.9294   -2.6994   -2.6960   -2.2309   -2.2222    4.4348    8.1358   10.4487   10.8778   11.3977   11.4289   11.9018   11.9352   13.6199   14.1068   17.6876   22.4272   25.0864   25.4201   25.5977   26.3640   28.7130   28.9826   29.7127   30.1299   31.9323   32.3067   33.5203   33.8651
  0.3800  -17.8182  -17.7357   -5.7268   -4.7767   -3.1354   -3.1306   -2.4261   -2.4167    4.6340    8.1579   10.3672   10.8245   11.0604   11.6955   12.3886   12.4221   13.3467   14.4556   17.9047   22.0763   24.5030   25.2173   25.7818   25.8781   28.1717   28.5544   29.1464   29.8362   31.3308   32.3536   33.7970   34.1006
  0.4560  -17.6750  -17.5942   -5.5296   -4.5918   -3.6270   -3.6213   -2.6419   -2.6318    4.8688    8.1595   10.2659   10.6251   10.7638   12.0479   12.9569   12.9906   13.0594   14.8500   18.1350   21.6252   23.6866   25.1630   25.2267   26.1992   27.6459   28.1939   28.4331   29.8812   30.7673   32.3398   33.4720   34.4025
  0.5319  -17.5079  -17.4291   -5.2986   -4.3760   -4.1594   -4.1529   -2.8697   -2.8589    5.1371    8.1219   10.1314   10.1559   10.6990   12.4362   12.7853   13.5943   13.6287   15.2767   18.3581   21.0834   22.9814   24.7052   24.8067   26.5430   27.1460   27.9260   28.0966   29.7741   30.2434   32.1528   33.3858   34.6978
  0.6079  -17.3182  -17.2418   -5.0353   -4.7189   -4.7116   -4.1307   -3.1015   -3.0901    5.4375    8.0233    9.5890   10.0443   10.6341   12.5550   12.8460   14.2891   14.3249   15.7243   18.5457   20.4823   22.3751   24.2197   24.2208   26.6781   26.8827   27.7491   28.0634   29.4903   29.7603   31.7978   33.5552   34.7521
  0.6839  -17.1078  -17.0340   -5.2936   -5.2849   -4.7413   -3.8581   -3.3305   -3.3186    5.7682    7.8428    9.0094    9.9355   10.5721   12.3968   13.2641   15.0296   15.0676   16.1808   18.6563   19.8617   21.8467   23.5939   23.7756   26.2457   27.1881   27.6411   28.1487   29.0670   29.3187   31.3894   33.8816   34.4972
  0.7599  -16.8787  -16.8081   -5.8724   -5.8618   -4.4189   -3.5610   -3.5512   -3.5387    6.1271    7.5673    8.4072    9.8325   10.5175   12.3293   13.6761   15.8029   15.8442   16.6350   18.6373   19.2523   21.3801   23.0880   23.3709   25.8510   27.4335   27.5477   28.2094   28.5980   28.9192   31.0110   33.7619   34.3596
  0.8359  -16.6341  -16.5672   -6.4451   -6.4322   -4.0713   -3.7586   -3.7456   -3.2433    6.5110    7.1959    7.7998    9.7374   10.4747   12.3562   14.0624   16.5964   16.6424   17.0730   18.4525   18.6722   20.9681   22.8008   23.0076   25.4957   27.3327   27.5986   28.1612   28.2576   28.5623   30.7195   33.1618   34.1590
  0.9119  -16.3781  -16.3154   -7.0015   -6.9863   -3.9490   -3.9356   -3.7030   -2.9101    6.7383    6.9146    7.2086    9.6514   10.4497   12.4678   14.3874   17.3933   17.4461   17.4679   18.1290   18.1432   20.6082   22.6862   22.7519   25.1807   26.8946   27.6481   28.0037   28.1744   28.2486   30.5328   32.5933   33.9832
  0.9879  -16.1165  -16.0586   -7.5311   -7.5137   -4.1193   -4.1056   -3.3200   -2.5688    6.2156    6.6514    7.3290    9.5756   10.4513   12.6479   14.5907   17.6254   17.6355   17.9922   18.1761   18.2382   20.3000   22.4071   22.8950   24.9067   26.3621   27.4732   27.8862   27.9784   28.2366   30.4175   32.0678   33.8405
  1.0639  -15.8569  -15.8046   -8.0223   -8.0032   -4.2670   -4.2531   -2.9313   -2.2294    5.6661    6.1330    7.7400    9.5108   10.4922   12.8782   14.5827   17.1607   17.4665   18.2421   18.9219   18.9959   20.0433   22.1706   23.1656   24.6742   25.8395   27.1208   27.7520   27.8312   28.3495   30.3239   31.5905   33.7356
  1.1399  -15.6096  -15.5638   -8.4616   -8.4413   -4.3903   -4.3761   -2.5499   -1.9062    5.1337    5.6577    8.1247    9.4571   10.5927   13.1403   14.3152   16.7357   17.4495   18.4794   19.6041   19.6935   19.8371   21.9769   23.5142   24.4836   25.3719   26.7280   27.5694   27.7618   28.4749   30.2264   31.1705   33.6694
  1.2159  -15.3881  -15.3498   -8.8331   -8.8124   -4.4875   -4.4732   -2.1951   -1.6184    4.6572    5.2407    8.4521    9.4152   10.7775   13.4144   13.8522   16.3535   17.5934   18.6380   19.6799   20.1903   20.2961   21.8261   23.9057   24.3351   24.9844   26.3392   27.4302   27.6731   28.5913   30.1255   30.8194   33.6377
  1.2919  -15.2093  -15.1792   -9.1186   -9.0982   -4.5578   -4.5433   -1.8949   -1.3899    4.2741    4.9079    8.6927    9.3850   11.0634   13.3023   13.6735   16.0276   17.8040   18.7104   19.5698   20.6455   20.7669   21.7184   24.2289   24.3146   24.6947   25.9636   27.3331   27.5821   28.6843   30.0379   30.5502   33.6313
  1.3679  -15.0910  -15.0685   -9.2997   -9.2799   -4.6002   -4.5856   -1.6869   -1.2436    4.0226    4.6899    8.8337    9.3668   11.4276   12.7641   13.8748   15.7907   17.9938   18.7145   19.5049   20.9361   21.0696   21.6537   24.1652   24.5155   24.7127   25.6031   27.2763   27.5136   28.7441   29.9811   30.3773   33.6366
  1.4439  -15.0493  -15.0304   -9.3620   -9.3425   -4.6144   -4.5999   -1.6111   -1.1939    3.9344    4.6135    8.8792    9.3608   11.6750   12.4571   13.9545   15.6996   18.0742   18.7012   19.4834   21.0359   21.1745   21.6321   24.1439   24.4548   24.9717   25.3595   27.2576   27.4880   28.7644   29.9621   30.3168   33.6401
  1.4439  -15.0493  -15.0304   -9.3620   -9.3425   -4.6144   -4.5999   -1.6111   -1.1939    3.9344    4.6135    8.8792    9.3608   11.6750   12.4571   13.9545   15.6996   18.0742   18.7012   19.4834   21.0359   21.1745   21.6321   24.1439   24.4548   24.9717   25.3595   27.2576   27.4880   28.7644   29.9621   30.3168   33.6404
  1.4877  -15.0462  -15.0274   -9.3584   -9.3389   -4.6328   -4.6182   -1.6064   -1.1899    3.9367    4.6131    8.9029    9.3879   11.6800   12.4669   13.9300   15.7025   18.0711   18.6902   19.4170   21.0344   21.1589   21.5647   24.2244   24.5639   24.9857   25.3354   26.9013   27.7535   28.7676   30.0669   30.2605   33.5387
  1.5316  -15.0374  -15.0186   -9.3477   -9.3280   -4.6873   -4.6726   -1.5924   -1.1779    3.9434    4.6117    8.9732    9.4684   11.6947   12.4961   13.8566   15.7106   18.0617   18.6574   19.2320   21.0280   21.1116   21.3903   24.4516   24.8619   25.0269   25.2490   26.4446   27.9557   28.7771   30.1030   30.3808   33.2665
  1.5755  -15.0228  -15.0041   -9.3298   -9.3100   -4.7762   -4.7613   -1.5691   -1.1582    3.9544    4.6091    9.0878    9.6005   11.7194   12.5455   13.7371   15.7227   18.0463   18.6053   18.9619   21.0120   21.0359   21.1618   24.7928   25.0580   25.0931   25.2914   26.0615   28.0060   28.7945   29.8704   30.8735   32.8892
  1.6194  -15.0025  -14.9840   -9.3048   -9.2847   -4.8971   -4.8819   -1.5368   -1.1309    3.9691    4.6049    9.2430    9.7811   11.7538   12.6160   13.5751   15.7364   18.0247   18.5363   18.6426   20.9193   20.9330   20.9760   24.7308   25.1813   25.2127   25.8032   25.8134   27.9495   28.8227   29.5912   31.4877   32.4614
  1.6632  -14.9769  -14.9587   -9.2727   -9.2523   -5.0467   -5.0310   -1.4956   -1.0963    3.9870    4.5987    9.4335   10.0061   11.7974   12.7089   13.3761   15.7475   17.9960   18.3051   18.4526   20.6849   20.8042   20.9068   24.3189   25.2874   25.6670   25.6824   26.3590   27.8354   28.8696   29.2882   32.0195   32.1761
  1.7071  -14.9462  -14.9283   -9.2337   -9.2128   -5.2208   -5.2047   -1.4460   -1.0550    4.0075    4.5899    9.6537   10.2706   11.8501   12.8264   13.1465   15.7491   17.9620   17.9757   18.3579   20.4684   20.6539   20.7926   23.8957   25.4084   25.5660   26.1799   26.9181   27.6989   28.9552   28.9799   31.5882   32.9110
  1.7510  -14.9110  -14.8935   -9.1877   -9.1663   -5.4156   -5.3990   -1.3884   -1.0076    4.0295    4.5777    9.8963   10.5689   11.9115   12.8937   12.9706   15.7307   17.6784   17.9223   18.2547   20.2724   20.4827   20.6196   23.5003   25.4841   25.5400   26.6880   27.4160   27.5622   28.6779   29.1269   31.1862   32.5981
  1.7949  -14.8717  -14.8546   -9.1349   -9.1129   -5.6265   -5.6096   -1.3234   -0.9548    4.0520    4.5616   10.1540   10.8945   11.9812   12.6258   13.1442   15.6782   17.4370   17.8771   18.1457   20.0958   20.2932   20.3825   23.1467   25.4162   25.6795   27.1927   27.4390   27.7596   28.3909   29.4618   30.8308   32.1331
  1.8387  -14.8289  -14.8125   -9.0755   -9.0528   -5.8495   -5.8322   -1.2518   -0.8975    4.0738    4.5408   10.4192   11.2401   12.0587   12.3509   13.3496   15.5790   17.2709   17.8265   18.0329   19.9351   20.0855   20.0865   22.8323   25.3657   25.8217   27.3356   27.6817   27.9053   28.1246   29.9797   30.5467   31.6541
  1.8826  -14.7836  -14.7678   -9.0097   -8.9861   -6.0802   -6.0626   -1.1743   -0.8371    4.0938    4.5147   10.6847   11.5964   12.0770   12.1437   13.5890   15.4319   17.1872   17.7707   17.9182   19.7467   19.7860   19.8614   22.5437   25.3392   25.9641   27.2532   27.8828   27.9014   28.1438   30.2504   30.7163   31.1757
  1.9265  -14.7366  -14.7216   -8.9378   -8.9132   -6.3143   -6.2966   -1.0921   -0.7749    4.1107    4.4831   10.9443   11.8117   11.9494   12.2398   13.8633   15.2503   17.1765   17.7103   17.8043   19.3841   19.6235   19.6436   22.2683   25.3432   26.1037   27.1900   27.6673   27.8066   28.5687   30.1086   30.7083   31.4461
  1.9704  -14.6889  -14.6749   -8.8604   -8.8345   -6.5475   -6.5301   -1.0067   -0.7127    4.1235    4.4457   11.1934   11.5622   12.2443   12.3876   14.1719   15.0548   17.2219   17.6455   17.6937   19.0191   19.3735   19.5030   21.9968   25.3793   26.2370   27.1421   27.4781   27.6609   28.9476   30.0084   30.2608   32.2422
  2.0142  -14.6418  -14.6289   -8.7782   -8.7508   -6.7756   -6.7587   -0.9195   -0.6527    4.1316    4.4030   11.3347   11.4291   12.3823   12.6691   14.5119   14.8631   17.3085   17.5761   17.5906   18.6705   19.1143   19.3600   21.7277   25.4473   26.3601   27.1055   27.3137   27.4933   29.2733   29.8417   29.9528   33.0710
  2.0581  -14.5967  -14.5852   -8.6925   -8.6631   -6.9936   -6.9778   -0.8328   -0.5973    4.1351    4.3561   11.1350   11.6503   12.4783   12.9487   14.6880   14.8783   17.4255   17.5015   17.5015   18.3536   18.8504   19.2106   21.4652   25.5442   26.4685   27.0764   27.1718   27.3259   29.4604   29.5413   29.9301   33.9198
  2.1020  -14.5553  -14.5455   -8.6055   -8.5735   -7.1960   -7.1821   -0.7488   -0.5495    4.1347    4.3066   10.9674   11.8566   12.5610   13.1718   14.5376   15.2636   17.4201   17.4354   17.5662   18.0808   18.5870   19.0518   21.2177   25.6656   26.5525   27.0502   27.0516   27.1740   29.1278   29.7488   29.9299   34.7778
  2.1459  -14.5194  -14.5115   -8.5210   -8.4858   -7.3756   -7.3646   -0.6706   -0.5127    4.1321    4.2571   10.8352   12.0486   12.6259   13.3203   14.4172   15.6586   17.3284   17.3961   17.7264   17.8633   18.3340   18.8816   20.9973   25.8073   26.5934   26.9561   27.0289   27.0481   28.8563   29.8969   29.9443   35.6319
  2.1897  -14.4907  -14.4851   -8.4463   -8.4069   -7.5219   -7.5150   -0.6013   -0.4906    4.1305    4.2109   10.7407   12.2266   12.6591   13.3926   14.3299   16.0482   17.2230   17.3608   17.7266   17.9030   18.1055   18.6990   20.8192   25.9642   26.5586   26.9105   26.9550   27.0074   28.6578   29.9672   29.9885   36.4595
  2.2336  -14.4714  -14.4684   -8.3932   -8.3494   -7.6200   -7.6175   -0.5448   -0.4868    4.1336    4.1723   10.6845   12.3906   12.6388   13.4099   14.2771   16.3968   17.1180   17.2736   17.7119   17.9193   18.0944   18.5045   20.7005   26.1305   26.4475   26.8982   26.9072   26.9887   28.5396   29.9945   30.0286   37.2135
  2.2775  -14.4635  -14.4635   -8.3743   -8.3286   -7.6542   -7.6542   -0.5049   -0.5049    4.1460    4.1460   10.6661   12.5403   12.5403   13.4088   14.2596   16.5644   17.1355   17.1355   17.7889   17.7889   18.2988   18.2988   20.6581   26.2966   26.2966   26.8792   26.9113   26.9795   28.5015   30.0224   30.0224   37.7875
  2.2775  -14.4635  -14.4635   -8.3743   -8.3286   -7.6542   -7.6542   -0.5049   -0.5049    4.1460    4.1460   10.6661   12.5403   12.5403   13.4088   14.2596   16.5644   17.1355   17.1355   17.7889   17.7889   18.2988   18.2988   20.6581   26.2966   26.2966   26.8792   26.9113   26.9795   28.5015   30.0224   30.0224   37.7875
  2.3652  -14.4961  -14.4890   -8.4203   -8.3805   -7.5402   -7.5362   -0.6179   -0.4905    4.1499    4.2165   10.7350   12.1029   12.7923   13.4273   14.3285   16.1991   16.7985   17.5819   17.7895   17.8642   18.0131   18.7420   20.8315   25.9738   26.5406   26.8805   26.9532   27.0732   28.6351   29.8956   30.0709   36.9371
  2.4530  -14.5934  -14.5781   -8.4583   -8.4270   -7.2911   -7.2818   -0.8398   -0.5803    4.2571    4.3705   10.9235   11.4708   12.9718   13.4426   14.5287   15.6291   16.4086   17.4222   17.6619   18.2475   18.2868   19.2257   21.2678   25.7075   26.5791   26.7909   27.1645   27.4208   28.9890   29.6589   30.0996   36.1220
  2.5407  -14.7573  -14.7333   -8.4089   -8.3846   -6.9820   -6.9695   -1.1614   -0.7782    4.4839    4.6179   10.7662   11.1979   13.0691   13.3994   14.8483   15.0314   15.9917   17.0090   17.8059   18.5333   18.6370   19.7430   21.7470   25.5095   26.5992   26.6962   27.4910   27.8952   29.3547   29.5144   30.1045   35.3628
  2.6285  -14.9808  -14.9481   -8.2550   -8.2364   -6.6368   -6.6224   -1.5591   -1.0684    4.8261    4.9508   10.0469   11.5150   13.0823   13.2745   14.4419   15.2732   15.5843   16.6709   18.0359   18.7688   18.9018   20.2868   22.0420   25.2891   26.7079   26.7657   27.9015   28.4264   29.0177   30.0963   30.1799   34.6731
  2.7162  -15.2499  -15.2092   -8.0020   -7.9879   -6.2650   -6.2495   -2.0055   -1.4248    5.2668    5.3514    9.3414   11.8218   13.0191   13.0678   13.8764   15.2134   15.7897   16.4650   18.2841   18.7440   19.3408   20.8493   22.0359   24.9690   26.8905   27.1451   28.3454   28.6748   29.0020   30.1123   30.9545   34.0658
  2.8040  -15.5489  -15.5009   -7.6629   -7.6522   -5.8724   -5.8563   -2.4762   -1.8210    5.7857    5.7987    8.6643   12.0605   12.7974   12.8945   13.3444   14.8871   16.3843   16.4553   18.2545   18.8583   19.7750   21.4218   21.8051   24.5940   27.1824   27.6734   28.3461   28.7237   29.6247   30.2451   31.7949   33.5546
  2.8917  -15.8626  -15.8083   -7.2523   -7.2438   -5.4637   -5.4477   -2.9519   -2.2347    6.2694    6.3642    8.0240   12.1936   12.4891   12.7235   12.8538   14.5982   16.6881   17.0431   17.9013   19.1344   19.9551   21.6731   21.9959   24.2723   27.4879   28.0466   28.2186   28.9134   30.3015   30.6133   32.6461   33.1545
  2.9795  -16.1787  -16.1186   -6.7839   -6.7766   -5.0443   -5.0285   -3.4180   -2.6492    6.7386    6.9854    7.4255   12.1702   12.2332   12.3996   12.5316   14.3323   17.1638   17.4036   17.7514   19.3365   19.5779   22.0139   22.5642   24.1240   27.7302   27.7861   28.6719   28.9265   31.0287   31.1814   32.8309   32.8823
  3.0672  -16.4871  -16.4222   -6.2700   -6.2634   -4.6196   -4.6045   -3.8637   -3.0520    6.8717    7.1777    7.6342   11.8645   12.0011   12.2330   12.3170   14.0748   16.8026   17.8441   18.4917   18.8571   19.3754   22.6605   23.1245   24.2408   27.5713   27.8559   28.8623   28.9744   31.6370   31.7744   32.5616   32.7538
  3.1550  -16.7805  -16.7113   -5.7223   -5.7159   -4.2815   -4.1962   -4.1820   -3.4336    6.3647    7.5562    8.2953   11.5880   11.6517   12.0999   12.2565   13.8123   16.1167   18.0177   18.6833   19.2428   19.2472   23.4081   23.6825   24.6328   27.4064   27.8443   28.7865   29.1150   31.4221   32.4448   32.7785   33.1048
  3.2427  -17.0531  -16.9802   -5.1523   -5.1457   -4.6655   -3.7874   -3.7817   -3.7685    5.9054    7.8471    8.9537   11.3523   11.3542   11.8880   12.3517   13.5325   15.3670   17.1540   19.0070   19.6462   19.9787   24.1571   24.2527   25.2228   27.2979   27.7240   28.7337   29.1350   31.0074   32.7995   32.9536   33.9545
  3.3305  -17.3009  -17.2247   -5.0114   -4.5722   -4.5655   -4.1082   -3.3842   -3.3723    5.4946    8.0378    9.5920   11.1087   11.1647   11.6891   12.5392   13.2236   14.5819   16.3199   18.7140   20.6702   20.7088   24.8061   24.8533   25.8498   27.2613   27.6270   28.7263   29.1495   30.6116   32.7554   33.2530   34.5048
  3.4182  -17.5204  -17.4416   -5.3161   -4.3921   -3.9962   -3.9897   -3.0130   -3.0024    5.1326    8.1356   10.1933   10.9137   11.0288   11.5088   12.8087   12.8745   13.7930   15.5573   18.4056   21.2900   21.8544   25.2243   25.4870   26.1642   27.3314   27.9059   28.7789   29.3434   30.2665   32.6017   33.6109   34.1727
  3.5060  -17.7095  -17.6283   -5.5771   -4.6364   -3.4411   -3.4354   -2.6776   -2.6681    4.8195    8.1645   10.7392   10.7648   10.9450   11.3530   12.4827   13.0352   13.1277   14.9001   18.1043   21.8200   23.0702   25.3337   26.0307   26.1111   27.5783   28.7182   28.8993   29.8575   29.9856   32.4644   33.8624   33.9165
  3.5937  -17.8663  -17.7833   -5.7928   -4.8388   -2.9278   -2.9240   -2.3874   -2.3788    4.5561    8.1516   10.6546   10.9089   11.2123   11.2251   12.0639   12.3443   13.4551   14.3655   17.8253   22.2514   24.3419   25.2094   25.7461   26.6484   28.0814   29.0796   29.7896   29.7897   30.6657   32.3591   33.6768   33.7503
  3.6815  -17.9895  -17.9050   -5.9618   -4.9977   -2.4813   -2.4805   -2.1513   -2.1434    4.3442    8.1206   10.5724   10.9113   11.1280   11.5969   11.6581   11.7596   13.7525   13.9537   17.5835   22.5825   24.9917   25.4647   25.6451   27.1116   28.7896   29.2669   29.7415   30.9813   31.6540   32.2820   32.9736   33.6742
  3.7692  -18.0781  -17.9926   -6.0832   -5.1119   -2.1333   -2.1306   -1.9768   -1.9692    4.1869    8.0880   10.5055   10.9372   11.0617   11.3181   11.3214   11.8805   13.6572   13.9881   17.3947   22.8140   24.7826   25.2413   26.9116   27.5749   29.4109   29.5193   29.9160   32.0821   32.2284   32.2374   32.7161   33.7548
  3.8570  -18.1315  -18.0453   -6.1562   -5.1808   -1.9106   -1.9046   -1.8696   -1.8623    4.0892    8.0646   10.4488   10.9662   11.0242   11.0612   11.0919   12.0542   13.4749   14.1389   17.2737   22.9496   24.6388   25.1000   27.8981   28.0146   29.7952   30.0670   30.1669   31.3198   32.1975   32.2410   33.4886   33.7287
  3.9447  -18.1493  -18.0629   -6.1806   -5.2038   -1.8335   -1.8335   -1.8262   -1.8262    4.0559    8.0563   10.4230   10.9787   10.9787   11.0127   11.0127   12.1127   13.4127   14.1909   17.2320   22.9941   24.5881   25.0519   28.2264   28.2265   30.2688   30.2689   30.6731   30.9928   30.9928   32.1872   34.1925   34.1936
