#K-Path     Band-1    Band-2    Band-3    Band-4      ...     Band-n
  0.0000  -18.1493  -18.0629   -6.1802   -5.2036   -1.8336   -1.8336   -1.8264   -1.8263    4.0564    8.0562   10.4235   10.9787   10.9788   11.0127   11.0128   12.1129   13.4128   14.1911   17.2325   22.9947   24.5885   25.0524   28.2271   28.2271   30.2695   30.2695   30.6737   30.9933   30.9933   32.1875   34.1929   34.1941
  0.0760  -18.1360  -18.0497   -6.1620   -5.1863   -1.8917   -1.8853   -1.8607   -1.8532    4.0814    8.0625   10.4432   10.9701   11.0216   11.0389   11.0729   12.0690   13.4595   14.1522   17.2639   22.9614   24.6267   25.0886   28.0198   28.0269   29.8939   30.1220   30.1911   31.2424   32.0456   32.1952   33.6156   33.8967
  0.1520  -18.0959  -18.0102   -6.1072   -5.1346   -2.0623   -2.0581   -1.9400   -1.9322    4.1551    8.0804   10.4821   10.9504   11.0621   11.2172   11.2509   11.9383   13.5966   14.0379   17.3555   22.8599   24.7364   25.1953   27.3517   27.5386   29.5128   29.7450   29.9238   31.8489   32.2184   32.4561   33.2332   33.3326
  0.2280  -18.0293  -17.9444   -6.0160   -5.0488   -2.3360   -2.3336   -2.0660   -2.0579    4.2743    8.1068   10.4921   10.9203   11.1799   11.5078   11.5412   11.7235   13.8161   13.8562   17.5005   22.6851   24.9016   25.3677   26.4012   26.9603   29.2506   29.3790   29.6501   31.2614   32.2568   32.5693   32.6355   33.7497
  0.3040  -17.9366  -17.8527   -5.8890   -4.9292   -2.6995   -2.6961   -2.2311   -2.2224    4.4353    8.1358   10.4489   10.8779   11.3981   11.4290   11.9018   11.9352   13.6201   14.1069   17.6882   22.4278   25.0868   25.4207   25.5981   26.3646   28.7136   28.9833   29.7133   30.1305   31.9329   32.3070   33.5209   33.8663
  0.3800  -17.8183  -17.7358   -5.7265   -4.7765   -3.1355   -3.1307   -2.4262   -2.4168    4.6345    8.1579   10.3675   10.8246   11.0606   11.6959   12.3886   12.4221   13.3470   14.4557   17.9053   22.0769   24.5035   25.2177   25.7825   25.8786   28.1723   28.5551   29.1469   29.8368   31.3314   32.3539   33.7974   34.1015
  0.4560  -17.6750  -17.5943   -5.5292   -4.5916   -3.6271   -3.6214   -2.6420   -2.6319    4.8693    8.1594   10.2661   10.6254   10.7639   12.0483   12.9570   12.9906   13.0597   14.8501   18.1356   21.6258   23.6872   25.1634   25.2273   26.1996   27.6465   28.1946   28.4336   29.8818   30.7678   32.3401   33.4725   34.4032
  0.5319  -17.5079  -17.4292   -5.2983   -4.3757   -4.1595   -4.1530   -2.8698   -2.8590    5.1376    8.1219   10.1316   10.1561   10.6991   12.4367   12.7856   13.5943   13.6287   15.2768   18.3587   21.0839   22.9819   24.7058   24.8070   26.5435   27.1467   27.9268   28.0971   29.7747   30.2440   32.1531   33.3863   34.6989
  0.6079  -17.3183  -17.2419   -5.0350   -4.7189   -4.7116   -4.1305   -3.1016   -3.0902    5.4380    8.0233    9.5893   10.0445   10.6342   12.5553   12.8465   14.2892   14.3249   15.7244   18.5463   20.4828   22.3757   24.2201   24.2214   26.6788   26.8831   27.7498   28.0638   29.4909   29.7608   31.7982   33.5556   34.7522
  0.6839  -17.1078  -17.0341   -5.2936   -5.2850   -4.7410   -3.8579   -3.3306   -3.3187    5.7687    7.8428    9.0097    9.9357   10.5723   12.3971   13.2646   15.0296   15.0676   16.1809   18.6569   19.8622   21.8473   23.5942   23.7762   26.2464   27.1885   27.6418   28.1491   29.0676   29.3192   31.3898   33.8820   34.4947
  0.7599  -16.8788  -16.8082   -5.8725   -5.8619   -4.4186   -3.5608   -3.5513   -3.5388    6.1276    7.5674    8.4076    9.8327   10.5176   12.3296   13.6766   15.8029   15.8442   16.6352   18.6379   19.2528   21.3807   23.0883   23.3716   25.8517   27.4339   27.5484   28.2098   28.5986   28.9197   31.0114   33.7624   34.3615
  0.8359  -16.6342  -16.5673   -6.4452   -6.4323   -4.0711   -3.7587   -3.7457   -3.2431    6.5115    7.1960    7.8002    9.7376   10.4748   12.3564   14.0629   16.5964   16.6424   17.0731   18.4532   18.6727   20.9686   22.8011   23.0083   25.4963   27.3334   27.5990   28.1616   28.2582   28.5629   30.7199   33.1623   34.1591
  0.9119  -16.3782  -16.3155   -7.0015   -6.9863   -3.9491   -3.9357   -3.7028   -2.9100    6.7385    6.9150    7.2090    9.6517   10.4498   12.4681   14.3879   17.3933   17.4461   17.4681   18.1295   18.1438   20.6087   22.6869   22.7521   25.1813   26.8952   27.6486   28.0041   28.1750   28.2492   30.5331   32.5938   33.9833
  0.9879  -16.1166  -16.0587   -7.5311   -7.5137   -4.1194   -4.1057   -3.3198   -2.5687    6.2160    6.6518    7.3295    9.5759   10.4514   12.6481   14.5912   17.6258   17.6360   17.9926   18.1761   18.2382   20.3006   22.4078   22.8952   24.9073   26.3627   27.4737   27.8866   27.9790   28.2372   30.4177   32.0682   33.8406
  1.0639  -15.8570  -15.8047   -8.0223   -8.0032   -4.2671   -4.2532   -2.9311   -2.2293    5.6665    6.1335    7.7405    9.5110   10.4924   12.8784   14.5832   17.1611   17.4672   18.2424   18.9219   18.9959   20.0438   22.1713   23.1658   24.6749   25.8401   27.1213   27.7526   27.8316   28.3501   30.3242   31.5909   33.7357
  1.1399  -15.6097  -15.5639   -8.4616   -8.4413   -4.3904   -4.3762   -2.5497   -1.9062    5.1342    5.6581    8.1252    9.4574   10.5929   13.1405   14.3156   16.7361   17.4501   18.4797   19.6041   19.6935   19.8376   21.9776   23.5144   24.4842   25.3724   26.7285   27.5700   27.7621   28.4755   30.2266   31.1709   33.6695
  1.2159  -15.3883  -15.3500   -8.8331   -8.8124   -4.4877   -4.4733   -2.1950   -1.6184    4.6577    5.2412    8.4526    9.4154   10.7777   13.4145   13.8526   16.3539   17.5940   18.6384   19.6805   20.1903   20.2961   21.8268   23.9059   24.3358   24.9849   26.3396   27.4307   27.6734   28.5920   30.1257   30.8198   33.6378
  1.2919  -15.2094  -15.1793   -9.1186   -9.0982   -4.5579   -4.5434   -1.8948   -1.3899    4.2747    4.9084    8.6931    9.3853   11.0637   13.3027   13.6737   16.0279   17.8045   18.7108   19.5704   20.6455   20.7669   21.7190   24.2296   24.3148   24.6952   25.9640   27.3336   27.5824   28.6849   30.0381   30.5505   33.6314
  1.3679  -15.0911  -15.0687   -9.2997   -9.2799   -4.6003   -4.5858   -1.6868   -1.2437    4.0233    4.6905    8.8341    9.3671   11.4280   12.7645   13.8749   15.7911   17.9943   18.7149   19.5054   20.9361   21.0696   21.6544   24.1658   24.5160   24.7129   25.6035   27.2768   27.5138   28.7447   29.9813   30.3777   33.6366
  1.4439  -15.0494  -15.0305   -9.3619   -9.3424   -4.6145   -4.6000   -1.6111   -1.1940    3.9350    4.6141    8.8796    9.3610   11.6753   12.4576   13.9546   15.6999   18.0747   18.7017   19.4839   21.0360   21.1744   21.6327   24.1445   24.4554   24.9719   25.3599   27.2581   27.4883   28.7650   29.9624   30.3171   33.6403
  1.4439  -15.0494  -15.0305   -9.3619   -9.3424   -4.6145   -4.6000   -1.6111   -1.1940    3.9350    4.6141    8.8796    9.3610   11.6753   12.4576   13.9546   15.6999   18.0747   18.7017   19.4839   21.0360   21.1744   21.6327   24.1445   24.4554   24.9719   25.3599   27.2581   27.4883   28.7650   29.9624   30.3171   33.6414
  1.4877  -15.0464  -15.0276   -9.3583   -9.3388   -4.6329   -4.6183   -1.6064   -1.1899    3.9374    4.6137    8.9033    9.3881   11.6803   12.4673   13.9301   15.7028   18.0716   18.6908   19.4175   21.0344   21.1589   21.5654   24.2251   24.5645   24.9859   25.3358   26.9017   27.7538   28.7682   30.0672   30.2608   33.5394
  1.5316  -15.0376  -15.0188   -9.3476   -9.3280   -4.6874   -4.6727   -1.5923   -1.1780    3.9441    4.6123    8.9736    9.4686   11.6951   12.4965   13.8567   15.7109   18.0622   18.6579   19.2326   21.0280   21.1116   21.3909   24.4523   24.8625   25.0271   25.2494   26.4450   27.9560   28.7777   30.1033   30.3811   33.2666
  1.5755  -15.0229  -15.0042   -9.3297   -9.3099   -4.7763   -4.7614   -1.5691   -1.1582    3.9550    4.6097    9.0882    9.6008   11.7197   12.5459   13.7372   15.7231   18.0467   18.6058   18.9624   21.0121   21.0359   21.1624   24.7934   25.0584   25.0933   25.2920   26.0620   28.0062   28.7951   29.8707   30.8739   32.8894
  1.6194  -15.0026  -14.9841   -9.3047   -9.2847   -4.8972   -4.8820   -1.5367   -1.1309    3.9698    4.6055    9.2434    9.7814   11.7541   12.6164   13.5753   15.7368   18.0252   18.5368   18.6431   20.9199   20.9330   20.9761   24.7311   25.1815   25.2133   25.8037   25.8139   27.9497   28.8233   29.5915   31.4881   32.4615
  1.6632  -14.9770  -14.9588   -9.2727   -9.2523   -5.0468   -5.0311   -1.4956   -1.0964    3.9877    4.5993    9.4339   10.0063   11.7977   12.7093   13.3763   15.7479   17.9964   18.3056   18.4530   20.6855   20.8042   20.9069   24.3192   25.2876   25.6675   25.6830   26.3595   27.8356   28.8702   29.2886   32.0197   32.1766
  1.7071  -14.9464  -14.9285   -9.2336   -9.2128   -5.2209   -5.2048   -1.4460   -1.0551    4.0082    4.5904    9.6542   10.2708   11.8504   12.8268   13.1467   15.7495   17.9625   17.9762   18.3583   20.4689   20.6539   20.7928   23.8959   25.4086   25.5664   26.1805   26.9186   27.6991   28.9558   28.9803   31.5884   32.9119
  1.7510  -14.9111  -14.8936   -9.1877   -9.1663   -5.4156   -5.3991   -1.3884   -1.0077    4.0301    4.5783    9.8968   10.5691   11.9119   12.8939   12.9710   15.7311   17.6790   17.9227   18.2551   20.2729   20.4828   20.6199   23.5004   25.4846   25.5402   26.6886   27.4164   27.5624   28.6783   29.1274   31.1865   32.5989
  1.7949  -14.8718  -14.8548   -9.1349   -9.1129   -5.6266   -5.6096   -1.3234   -0.9549    4.0526    4.5622   10.1545   10.8948   11.9816   12.6261   13.1445   15.6786   17.4375   17.8776   18.1460   20.0962   20.2933   20.3828   23.1468   25.4167   25.6796   27.1933   27.4391   27.7599   28.3913   29.4623   30.8312   32.1339
  1.8387  -14.8291  -14.8127   -9.0755   -9.0528   -5.8496   -5.8322   -1.2518   -0.8976    4.0745    4.5414   10.4197   11.2404   12.0590   12.3512   13.3499   15.5795   17.2714   17.8269   18.0332   19.9356   20.0855   20.0869   22.8323   25.3662   25.8219   27.3358   27.6823   27.9056   28.1251   29.9803   30.5472   31.6549
  1.8826  -14.7838  -14.7680   -9.0097   -8.9861   -6.0802   -6.0626   -1.1743   -0.8372    4.0945    4.5154   10.6852   11.5967   12.0773   12.1440   13.5893   15.4324   17.1876   17.7712   17.9185   19.7471   19.7864   19.8614   22.5437   25.3397   25.9643   27.2534   27.8833   27.9015   28.1444   30.2508   30.7170   31.1764
  1.9265  -14.7368  -14.7218   -8.9378   -8.9132   -6.3143   -6.2966   -1.0922   -0.7750    4.1114    4.4837   10.9448   11.8121   11.9497   12.2401   13.8636   15.2509   17.1769   17.7108   17.8045   19.3846   19.6235   19.6440   22.2683   25.3437   26.1039   27.1901   27.6678   27.8066   28.5693   30.1092   30.7090   31.4468
  1.9704  -14.6891  -14.6750   -8.8604   -8.8345   -6.5476   -6.5301   -1.0067   -0.7128    4.1242    4.4463   11.1939   11.5625   12.2447   12.3878   14.1722   15.0554   17.2223   17.6459   17.6938   19.0196   19.3736   19.5034   21.9967   25.3799   26.2372   27.1422   27.4786   27.6608   28.9482   30.0091   30.2615   32.2428
  2.0142  -14.6420  -14.6291   -8.7782   -8.7508   -6.7756   -6.7587   -0.9196   -0.6528    4.1324    4.4037   11.3351   11.4297   12.3828   12.6693   14.5121   14.8638   17.3088   17.5765   17.5908   18.6710   19.1143   19.3604   21.7276   25.4479   26.3603   27.1057   27.3142   27.4932   29.2740   29.8424   29.9535   33.0717
  2.0581  -14.5969  -14.5854   -8.6925   -8.6631   -6.9936   -6.9778   -0.8328   -0.5974    4.1358    4.3568   11.1354   11.6508   12.4787   12.9489   14.6886   14.8785   17.4259   17.5017   17.5019   18.3541   18.8505   19.2110   21.4651   25.5448   26.4687   27.0765   27.1723   27.3257   29.4610   29.5419   29.9308   33.9204
  2.1020  -14.5555  -14.5457   -8.6055   -8.5735   -7.1960   -7.1821   -0.7489   -0.5497    4.1354    4.3073   10.9678   11.8572   12.5615   13.1720   14.5383   15.2638   17.4204   17.4355   17.5666   18.0813   18.5871   19.0522   21.2176   25.6663   26.5528   27.0506   27.0517   27.1738   29.1284   29.7495   29.9307   34.7784
  2.1459  -14.5195  -14.5116   -8.5210   -8.4858   -7.3756   -7.3646   -0.6707   -0.5129    4.1329    4.2578   10.8356   12.0492   12.6264   13.3205   14.4179   15.6588   17.3288   17.3962   17.7267   17.8638   18.3341   18.8820   20.9972   25.8080   26.5939   26.9564   27.0290   27.0479   28.8569   29.8976   29.9451   35.6325
  2.1897  -14.4909  -14.4853   -8.4463   -8.4069   -7.5219   -7.5149   -0.6015   -0.4908    4.1312    4.2116   10.7411   12.2272   12.6596   13.3927   14.3305   16.0484   17.2233   17.3610   17.7270   17.9034   18.1056   18.6994   20.8191   25.9649   26.5593   26.9107   26.9548   27.0075   28.6583   29.9679   29.9893   36.4601
  2.2336  -14.4716  -14.4686   -8.3932   -8.3495   -7.6199   -7.6174   -0.5449   -0.4869    4.1343    4.1730   10.6849   12.3912   12.6393   13.4100   14.2778   16.3969   17.1182   17.2738   17.7122   17.9195   18.0948   18.5048   20.7004   26.1313   26.4483   26.8980   26.9073   26.9888   28.5401   29.9952   30.0293   37.2143
  2.2775  -14.4637  -14.4637   -8.3744   -8.3286   -7.6541   -7.6541   -0.5051   -0.5051    4.1467    4.1467   10.6665   12.5409   12.5409   13.4089   14.2603   16.5646   17.1358   17.1358   17.7891   17.7891   18.2991   18.2991   20.6580   26.2973   26.2973   26.8790   26.9113   26.9796   28.5021   30.0231   30.0231   37.7880
  2.2775  -14.4637  -14.4637   -8.3744   -8.3286   -7.6541   -7.6541   -0.5051   -0.5051    4.1467    4.1467   10.6665   12.5409   12.5409   13.4089   14.2603   16.5646   17.1358   17.1358   17.7891   17.7891   18.2991   18.2991   20.6580   26.2973   26.2973   26.8790   26.9113   26.9796   28.5021   30.0231   30.0231   37.7880
  2.3652  -14.4963  -14.4892   -8.4203   -8.3806   -7.5402   -7.5362   -0.6180   -0.4906    4.1506    4.2172   10.7354   12.1035   12.7929   13.4275   14.3291   16.1992   16.7987   17.5824   17.7896   17.8646   18.0133   18.7423   20.8314   25.9745   26.5412   26.8806   26.9530   27.0734   28.6357   29.8964   30.0716   36.9376
  2.4530  -14.5936  -14.5782   -8.4583   -8.4270   -7.2911   -7.2818   -0.8399   -0.5804    4.2578    4.3711   10.9239   11.4714   12.9724   13.4428   14.5294   15.6292   16.4088   17.4226   17.6624   18.2477   18.2869   19.2261   21.2677   25.7082   26.5794   26.7909   27.1643   27.4213   28.9896   29.6596   30.1003   36.1226
  2.5407  -14.7575  -14.7334   -8.4089   -8.3846   -6.9820   -6.9695   -1.1614   -0.7783    4.4846    4.6185   10.7667   11.1983   13.0696   13.3996   14.8489   15.0315   15.9918   17.0094   17.8065   18.5335   18.6373   19.7434   21.7470   25.5100   26.5994   26.6963   27.4908   27.8959   29.3555   29.5149   30.1051   35.3634
  2.6285  -14.9810  -14.9482   -8.2550   -8.2365   -6.6368   -6.6224   -1.5590   -1.0685    4.8267    4.9513   10.0474   11.5154   13.0827   13.2747   14.4420   15.2739   15.5844   16.6713   18.0365   18.7690   18.9021   20.2871   22.0419   25.2895   26.7082   26.7659   27.9014   28.4271   29.0185   30.0969   30.1805   34.6738
  2.7162  -15.2501  -15.2094   -8.0020   -7.9879   -6.2650   -6.2495   -2.0054   -1.4248    5.2674    5.3518    9.3419   11.8221   13.0196   13.0680   13.8765   15.2135   15.7904   16.4655   18.2848   18.7443   19.3410   20.8497   22.0359   24.9692   26.8908   27.1452   28.3454   28.6755   29.0028   30.1128   30.9551   34.0664
  2.8040  -15.5490  -15.5010   -7.6629   -7.6522   -5.8724   -5.8563   -2.4761   -1.8209    5.7862    5.7990    8.6648   12.0607   12.7975   12.8949   13.3445   14.8872   16.3849   16.4558   18.2551   18.8588   19.7752   21.4223   21.8050   24.5942   27.1828   27.6736   28.3468   28.7239   29.6256   30.2455   31.7955   33.5550
  2.8917  -15.8628  -15.8084   -7.2524   -7.2438   -5.4638   -5.4477   -2.9517   -2.2346    6.2697    6.3646    8.0245   12.1939   12.4892   12.7239   12.8539   14.5983   16.6886   17.0437   17.9017   19.1350   19.9553   21.6732   21.9963   24.2726   27.4883   28.0473   28.2187   28.9137   30.3023   30.6134   32.6467   33.1551
  2.9795  -16.1788  -16.1187   -6.7839   -6.7767   -5.0444   -5.0286   -3.4177   -2.6491    6.7388    6.9859    7.4259   12.1704   12.2334   12.3997   12.5320   14.3325   17.1643   17.4040   17.7520   19.3371   19.5780   22.0141   22.5646   24.1243   27.7305   27.7869   28.6721   28.9269   31.0295   31.1813   32.8315   32.8829
  3.0672  -16.4872  -16.4223   -6.2701   -6.2635   -4.6197   -4.6046   -3.8635   -3.0518    6.8722    7.1778    7.6346   11.8646   12.0012   12.2333   12.3174   14.0749   16.8029   17.8446   18.4923   18.8572   19.3760   22.6607   23.1250   24.2412   27.5720   27.8563   28.8629   28.9746   31.6372   31.7753   32.5620   32.7543
  3.1550  -16.7806  -16.7113   -5.7224   -5.7159   -4.2812   -4.1963   -4.1821   -3.4334    6.3651    7.5563    8.2957   11.5881   11.6518   12.1004   12.2568   13.8124   16.1169   18.0177   18.6839   19.2434   19.2478   23.4084   23.6830   24.6333   27.4071   27.8446   28.7871   29.1153   31.4226   32.4456   32.7791   33.1049
  3.2427  -17.0532  -16.9803   -5.1524   -5.1458   -4.6652   -3.7872   -3.7817   -3.7686    5.9059    7.8471    8.9541   11.3524   11.3543   11.8884   12.3520   13.5326   15.3673   17.1541   19.0076   19.6468   19.9793   24.1573   24.2533   25.2233   27.2986   27.7244   28.7343   29.1353   31.0080   32.8000   32.9542   33.9545
  3.3305  -17.3009  -17.2247   -5.0111   -4.5723   -4.5656   -4.1080   -3.3843   -3.3724    5.4951    8.0378    9.5923   11.1089   11.1648   11.6894   12.5395   13.2236   14.5821   16.3200   18.7146   20.6708   20.7094   24.8064   24.8539   25.8504   27.2620   27.6274   28.7269   29.1499   30.6121   32.7558   33.2536   34.5055
  3.4182  -17.5205  -17.4416   -5.3158   -4.3919   -3.9963   -3.9898   -3.0131   -3.0025    5.1330    8.1356   10.1935   10.9139   11.0289   11.5092   12.8090   12.8746   13.7932   15.5574   18.4062   21.2906   21.8550   25.2246   25.4876   26.1647   27.3321   27.9064   28.7795   29.3437   30.2671   32.6021   33.6116   34.1735
  3.5060  -17.7095  -17.6284   -5.5768   -4.6362   -3.4412   -3.4355   -2.6777   -2.6682    4.8200    8.1645   10.7395   10.7651   10.9450   11.3533   12.4828   13.0353   13.1280   14.9002   18.1048   21.8206   23.0708   25.3340   26.0312   26.1117   27.5790   28.7187   28.9000   29.8579   29.9862   32.4648   33.8631   33.9173
  3.5937  -17.8664  -17.7833   -5.7925   -4.8385   -2.9279   -2.9241   -2.3876   -2.3789    4.5566    8.1516   10.6549   10.9089   11.2124   11.2254   12.0640   12.3444   13.4554   14.3656   17.8258   22.2521   24.3425   25.2098   25.7466   26.6490   28.0821   29.0803   29.7902   29.7902   30.6661   32.3595   33.6774   33.7510
  3.6815  -17.9895  -17.9050   -5.9615   -4.9974   -2.4815   -2.4806   -2.1515   -2.1435    4.3446    8.1206   10.5728   10.9114   11.1282   11.5971   11.6581   11.7597   13.7527   13.9538   17.5841   22.5832   24.9921   25.4652   25.6457   27.1122   28.7903   29.2675   29.7421   30.9820   31.6545   32.2824   32.9742   33.6750
  3.7692  -18.0781  -17.9926   -6.0828   -5.1117   -2.1335   -2.1307   -1.9770   -1.9693    4.1873    8.0879   10.5060   10.9373   11.0618   11.3181   11.3215   11.8807   13.6573   13.9884   17.3952   22.8147   24.7830   25.2418   26.9122   27.5756   29.4115   29.5200   29.9166   32.0827   32.2287   32.2380   32.7167   33.7485
  3.8570  -18.1315  -18.0454   -6.1559   -5.1806   -1.9108   -1.9048   -1.8698   -1.8625    4.0897    8.0645   10.4493   10.9663   11.0243   11.0612   11.0919   12.0543   13.4750   14.1392   17.2743   22.9503   24.6392   25.1005   27.8988   28.0152   29.7958   30.0676   30.1675   31.3204   32.1978   32.2415   33.4892   33.7293
  3.9447  -18.1493  -18.0629   -6.1802   -5.2036   -1.8336   -1.8336   -1.8264   -1.8263    4.0564    8.0562   10.4235   10.9787   10.9788   11.0127   11.0128   12.1129   13.4128   14.1911   17.2325   22.9947   24.5885   25.0524   28.2271   28.2271   30.2695   30.2695   30.6737   30.9933   30.9933   32.1875   34.1929   34.1956
