     #Energy           s          py          pz          px         dxy         dyz         dz2         dxz         dx2       tot  
   -20.87323     0.00000     0.00000     0.00000     0.00000     0.00000     0.00000     0.00000     0.00000     0.00000     0.00000
   -20.67223     0.00000     0.00000     0.00000     0.00000     0.00000     0.00000     0.00000     0.00000     0.00000     0.00000
   -20.47223     0.00000     0.00000     0.00000     0.00000     0.00000     0.00000     0.00000     0.00000     0.00000     0.00000
   -20.27123     0.00000     0.00000     0.00000     0.00000     0.00000     0.00000     0.00000     0.00000     0.00000     0.00000
   -20.07023     0.00000     0.00000     0.00000     0.00000     0.00000     0.00000     0.00000     0.00000     0.00000     0.00000
   -19.87023     0.00000     0.00000     0.00000     0.00000     0.00000     0.00000     0.00000     0.00000     0.00000     0.00000
   -19.66923     0.00000     0.00000     0.00000     0.00000     0.00000     0.00000     0.00000     0.00000     0.00000     0.00000
   -19.46923     0.00000     0.00000     0.00000     0.00000     0.00000     0.00000     0.00000     0.00000     0.00000     0.00000
   -19.26823     0.00000     0.00000     0.00000     0.00000     0.00000     0.00000     0.00000     0.00000     0.00000     0.00000
   -19.06723     0.00000     0.00000     0.00000     0.00000     0.00000     0.00000     0.00000     0.00000     0.00000     0.00000
   -18.86723     0.00000     0.00000     0.00000     0.00000     0.00000     0.00000     0.00000     0.00000     0.00000     0.00000
   -18.66623    -0.00000    -0.00000    -0.00000    -0.00000     0.00000     0.00000     0.00000     0.00000     0.00000    -0.00000
   -18.46623    -0.00000    -0.00000    -0.00000    -0.00000     0.00000     0.00000     0.00000     0.00000     0.00000    -0.00000
   -18.26523    -0.00010    -0.00000    -0.00000    -0.00000     0.00000     0.00000     0.00000     0.00000     0.00000    -0.00010
   -18.06523    -0.00715    -0.00001    -0.00000    -0.00001     0.00000     0.00000     0.00000     0.00000     0.00000    -0.00716
   -17.86423    -0.03297    -0.00005    -0.00000    -0.00005     0.00000     0.00000     0.00000     0.00000     0.00000    -0.03308
   -17.66323    -0.07117    -0.00017    -0.00000    -0.00017     0.00000     0.00000     0.00000     0.00000     0.00000    -0.07152
   -17.46323    -0.11108    -0.00039    -0.00000    -0.00039     0.00000     0.00000     0.00000     0.00000     0.00000    -0.11185
   -17.26223    -0.15332    -0.00070    -0.00000    -0.00070     0.00000     0.00000     0.00000     0.00000     0.00000    -0.15471
   -17.06223    -0.19305    -0.00105    -0.00000    -0.00105     0.00000     0.00000     0.00000     0.00000     0.00000    -0.19514
   -16.86123    -0.23665    -0.00151    -0.00000    -0.00151     0.00000     0.00000     0.00000     0.00000     0.00000    -0.23968
   -16.66123    -0.28553    -0.00209    -0.00000    -0.00209     0.00000     0.00000     0.00000     0.00000     0.00000    -0.28971
   -16.46023    -0.32906    -0.00263    -0.00000    -0.00263     0.00000     0.00000     0.00000     0.00000     0.00000    -0.33432
   -16.25923    -0.37405    -0.00323    -0.00000    -0.00323     0.00000     0.00000     0.00000     0.00000     0.00000    -0.38051
   -16.05923    -0.43135    -0.00401    -0.00000    -0.00401     0.00000     0.00000     0.00000     0.00000     0.00000    -0.43937
   -15.85823    -0.49141    -0.00480    -0.00000    -0.00480     0.00000     0.00000     0.00000     0.00000     0.00000    -0.50101
   -15.65823    -0.54275    -0.00544    -0.00000    -0.00544     0.00000     0.00000     0.00000     0.00000     0.00000    -0.55364
   -15.45723    -0.61117    -0.00621    -0.00000    -0.00621     0.00000     0.00000     0.00000     0.00000     0.00000    -0.62359
   -15.25623    -0.70029    -0.00706    -0.00000    -0.00706     0.00000     0.00000     0.00000     0.00000     0.00000    -0.71440
   -15.05623    -0.80243    -0.00772    -0.00000    -0.00772     0.00000     0.00000     0.00000     0.00000     0.00000    -0.81786
   -14.85523    -0.93018    -0.00826    -0.00000    -0.00826     0.00000     0.00000     0.00000     0.00000     0.00000    -0.94669
   -14.65523    -1.03947    -0.00862    -0.00000    -0.00862     0.00000     0.00000     0.00000     0.00000     0.00000    -1.05672
   -14.45423    -1.10721    -0.00878    -0.00000    -0.00878     0.00000     0.00000     0.00000     0.00000     0.00000    -1.12476
   -14.25423    -1.13820    -0.00881    -0.00000    -0.00881     0.00000     0.00000     0.00000     0.00000     0.00000    -1.15583
   -14.05323    -1.14066    -0.00881    -0.00000    -0.00881     0.00000     0.00000     0.00000     0.00000     0.00000    -1.15828
   -13.85223    -1.14066    -0.00881    -0.00000    -0.00881     0.00000     0.00000     0.00000     0.00000     0.00000    -1.15828
   -13.65223    -1.14066    -0.00881    -0.00000    -0.00881     0.00000     0.00000     0.00000     0.00000     0.00000    -1.15828
   -13.45123    -1.14066    -0.00881    -0.00000    -0.00881     0.00000     0.00000     0.00000     0.00000     0.00000    -1.15828
   -13.25123    -1.14066    -0.00881    -0.00000    -0.00881     0.00000     0.00000     0.00000     0.00000     0.00000    -1.15828
   -13.05023    -1.14066    -0.00881    -0.00000    -0.00881     0.00000     0.00000     0.00000     0.00000     0.00000    -1.15828
   -12.84923    -1.14066    -0.00881    -0.00000    -0.00881     0.00000     0.00000     0.00000     0.00000     0.00000    -1.15828
   -12.64923    -1.14066    -0.00881    -0.00000    -0.00881     0.00000     0.00000     0.00000     0.00000     0.00000    -1.15828
   -12.44823    -1.14066    -0.00881    -0.00000    -0.00881     0.00000     0.00000     0.00000     0.00000     0.00000    -1.15828
   -12.24823    -1.14066    -0.00881    -0.00000    -0.00881     0.00000     0.00000     0.00000     0.00000     0.00000    -1.15828
   -12.04723    -1.14066    -0.00881    -0.00000    -0.00881     0.00000     0.00000     0.00000     0.00000     0.00000    -1.15828
   -11.84723    -1.14066    -0.00881    -0.00000    -0.00881     0.00000     0.00000     0.00000     0.00000     0.00000    -1.15828
   -11.64623    -1.14066    -0.00881    -0.00000    -0.00881     0.00000     0.00000     0.00000     0.00000     0.00000    -1.15828
   -11.44523    -1.14066    -0.00881    -0.00000    -0.00881     0.00000     0.00000     0.00000     0.00000     0.00000    -1.15828
   -11.24523    -1.14066    -0.00881    -0.00000    -0.00881     0.00000     0.00000     0.00000     0.00000     0.00000    -1.15828
   -11.04423    -1.14066    -0.00881    -0.00000    -0.00881     0.00000     0.00000     0.00000     0.00000     0.00000    -1.15828
   -10.84423    -1.14066    -0.00881    -0.00000    -0.00881     0.00000     0.00000     0.00000     0.00000     0.00000    -1.15828
   -10.64323    -1.14066    -0.00881    -0.00000    -0.00881     0.00000     0.00000     0.00000     0.00000     0.00000    -1.15828
   -10.44323    -1.14066    -0.00881    -0.00000    -0.00881     0.00000     0.00000     0.00000     0.00000     0.00000    -1.15828
   -10.24223    -1.14066    -0.00881    -0.00000    -0.00881     0.00000     0.00000     0.00000     0.00000     0.00000    -1.15828
   -10.04123    -1.14066    -0.00881    -0.00000    -0.00881     0.00000     0.00000     0.00000     0.00000     0.00000    -1.15828
    -9.84123    -1.14066    -0.00881    -0.00000    -0.00881     0.00000     0.00000     0.00000     0.00000     0.00000    -1.15828
    -9.64023    -1.14066    -0.00881    -0.00000    -0.00881     0.00000     0.00000     0.00000     0.00000     0.00000    -1.15828
    -9.44023    -1.14066    -0.00908    -0.00000    -0.00908     0.00000     0.00000     0.00000     0.00000     0.00000    -1.15883
    -9.23923    -1.14087    -0.01745    -0.00000    -0.01745     0.00000     0.00000     0.00000     0.00000     0.00000    -1.17578
    -9.03823    -1.14150    -0.03533    -0.00000    -0.03533     0.00000     0.00000     0.00000     0.00000     0.00000    -1.21217
    -8.83823    -1.14299    -0.06036    -0.00001    -0.06036     0.00000     0.00000     0.00000     0.00000     0.00000    -1.26373
    -8.63723    -1.14522    -0.08931    -0.00001    -0.08931     0.00000     0.00000     0.00000     0.00000     0.00000    -1.32385
    -8.43723    -1.14807    -0.11918    -0.00001    -0.11918     0.00000     0.00000     0.00000     0.00000     0.00000    -1.38643
    -8.23623    -1.15220    -0.15115    -0.00001    -0.15115     0.00000     0.00000     0.00000     0.00000     0.00000    -1.45450
    -8.03623    -1.15628    -0.17415    -0.00001    -0.17415     0.00000     0.00000     0.00000     0.00000     0.00000    -1.50459
    -7.83523    -1.15930    -0.18674    -0.00001    -0.18674     0.00000     0.00000     0.00000     0.00000     0.00000    -1.53279
    -7.63423    -1.16455    -0.20588    -0.00001    -0.20588     0.00000     0.00000     0.00000     0.00000     0.00000    -1.57632
    -7.43423    -1.16901    -0.22518    -0.00001    -0.22518     0.00000     0.00000     0.00000     0.00000     0.00000    -1.61938
    -7.23323    -1.17139    -0.23964    -0.00002    -0.23964     0.00000     0.00000     0.00000     0.00000     0.00000    -1.65069
    -7.03323    -1.17435    -0.25596    -0.00002    -0.25596     0.00000     0.00000     0.00000     0.00000     0.00000    -1.68629
    -6.83223    -1.17855    -0.27489    -0.00002    -0.27489     0.00000     0.00000     0.00000     0.00000     0.00000    -1.72836
    -6.63123    -1.18336    -0.29690    -0.00002    -0.29690     0.00000     0.00000     0.00000     0.00000     0.00000    -1.77718
    -6.43123    -1.18653    -0.31903    -0.00003    -0.31903     0.00000     0.00000     0.00000     0.00000     0.00000    -1.82463
    -6.23023    -1.18861    -0.33877    -0.00011    -0.33877     0.00000     0.00000     0.00000     0.00000     0.00000    -1.86626
    -6.03023    -1.19210    -0.36058    -0.00160    -0.36058     0.00000     0.00000     0.00000     0.00000     0.00000    -1.91487
    -5.82923    -1.19574    -0.38642    -0.00606    -0.38642     0.00000     0.00000     0.00000     0.00000     0.00000    -1.97465
    -5.62923    -1.19785    -0.40705    -0.01368    -0.40705     0.00000     0.00000     0.00000     0.00000     0.00000    -2.02563
    -5.42823    -1.20054    -0.43110    -0.02368    -0.43110     0.00000     0.00000     0.00000     0.00000     0.00000    -2.08642
    -5.22723    -1.20384    -0.46503    -0.03701    -0.46503     0.00000     0.00000     0.00000     0.00000     0.00000    -2.17091
    -5.02723    -1.20723    -0.49662    -0.05466    -0.49662     0.00000     0.00000     0.00000     0.00000     0.00000    -2.25514
    -4.82623    -1.20908    -0.52852    -0.07431    -0.52852     0.00000     0.00000     0.00000     0.00000     0.00000    -2.34043
    -4.62623    -1.21072    -0.57308    -0.09322    -0.57308     0.00000     0.00000     0.00000     0.00000     0.00000    -2.45010
    -4.42523    -1.21257    -0.61985    -0.11294    -0.61985     0.00000     0.00000     0.00000     0.00000     0.00000    -2.56521
    -4.22523    -1.21422    -0.66478    -0.13515    -0.66478     0.00000     0.00000     0.00000     0.00000     0.00000    -2.67894
    -4.02423    -1.21628    -0.70019    -0.15741    -0.70019     0.00000     0.00000     0.00000     0.00000     0.00000    -2.77407
    -3.82323    -1.21799    -0.72913    -0.17880    -0.72913     0.00000     0.00000     0.00000     0.00000     0.00000    -2.85506
    -3.62323    -1.21883    -0.76172    -0.20127    -0.76172     0.00000     0.00000     0.00000     0.00000     0.00000    -2.94354
    -3.42223    -1.21967    -0.78707    -0.22615    -0.78707     0.00000     0.00000     0.00000     0.00000     0.00000    -3.01997
    -3.22223    -1.22074    -0.80678    -0.25244    -0.80678     0.00000     0.00000     0.00000     0.00000     0.00000    -3.08674
    -3.02123    -1.22128    -0.82789    -0.27817    -0.82789     0.00000     0.00000     0.00000     0.00000     0.00000    -3.15523
    -2.82023    -1.22189    -0.85377    -0.30652    -0.85377     0.00000     0.00000     0.00000     0.00000     0.00000    -3.23596
    -2.62023    -1.22274    -0.87817    -0.33647    -0.87817     0.00000     0.00000     0.00000     0.00000     0.00000    -3.31555
    -2.41923    -1.22324    -0.89408    -0.36535    -0.89408     0.00000     0.00000     0.00000     0.00000     0.00000    -3.37675
    -2.21923    -1.22338    -0.91263    -0.40002    -0.91263     0.00000     0.00000     0.00000     0.00000     0.00000    -3.44865
    -2.01823    -1.22357    -0.93236    -0.43811    -0.93236     0.00000     0.00000     0.00000     0.00000     0.00000    -3.52639
    -1.81823    -1.22368    -0.94685    -0.48132    -0.94685     0.00000     0.00000     0.00000     0.00000     0.00000    -3.59869
    -1.61723    -1.22372    -0.95482    -0.53378    -0.95482     0.00000     0.00000     0.00000     0.00000     0.00000    -3.66714
    -1.41623    -1.22373    -0.95518    -0.59116    -0.95518     0.00000     0.00000     0.00000     0.00000     0.00000    -3.72526
    -1.21623    -1.22374    -0.95520    -0.66014    -0.95520     0.00000     0.00000     0.00000     0.00000     0.00000    -3.79427
    -1.01523    -1.22374    -0.95521    -0.72976    -0.95521     0.00000     0.00000     0.00000     0.00000     0.00000    -3.86392
    -0.81523    -1.22374    -0.95522    -0.78236    -0.95522     0.00000     0.00000     0.00000     0.00000     0.00000    -3.91654
    -0.61423    -1.22375    -0.95522    -0.82442    -0.95522     0.00000     0.00000     0.00000     0.00000     0.00000    -3.95861
    -0.41323    -1.22375    -0.95523    -0.85530    -0.95523     0.00000     0.00000     0.00000     0.00000     0.00000    -3.98950
    -0.21323    -1.22375    -0.95523    -0.86634    -0.95523     0.00000     0.00000     0.00000     0.00000     0.00000    -4.00055
    -0.01223    -1.22375    -0.95523    -0.86659    -0.95523     0.00000     0.00000     0.00000     0.00000     0.00000    -4.00079
     0.18777    -1.22375    -0.95523    -0.86659    -0.95523     0.00000     0.00000     0.00000     0.00000     0.00000    -4.00079
     0.38877    -1.22375    -0.95523    -0.86659    -0.95523     0.00000     0.00000     0.00000     0.00000     0.00000    -4.00079
     0.58877    -1.22375    -0.95523    -0.86659    -0.95523     0.00000     0.00000     0.00000     0.00000     0.00000    -4.00079
     0.78977    -1.22375    -0.95523    -0.86659    -0.95523     0.00000     0.00000     0.00000     0.00000     0.00000    -4.00079
     0.99077    -1.22375    -0.95523    -0.86659    -0.95523     0.00000     0.00000     0.00000     0.00000     0.00000    -4.00079
     1.19077    -1.22375    -0.95523    -0.86659    -0.95523     0.00000     0.00000     0.00000     0.00000     0.00000    -4.00079
     1.39177    -1.22375    -0.95523    -0.86659    -0.95523     0.00000     0.00000     0.00000     0.00000     0.00000    -4.00079
     1.59177    -1.22375    -0.95523    -0.86659    -0.95523     0.00000     0.00000     0.00000     0.00000     0.00000    -4.00079
     1.79277    -1.22375    -0.95523    -0.86659    -0.95523     0.00000     0.00000     0.00000     0.00000     0.00000    -4.00079
     1.99377    -1.22375    -0.95523    -0.86659    -0.95523     0.00000     0.00000     0.00000     0.00000     0.00000    -4.00079
     2.19377    -1.22375    -0.95523    -0.86659    -0.95523     0.00000     0.00000     0.00000     0.00000     0.00000    -4.00079
     2.39477    -1.22375    -0.95523    -0.86659    -0.95523     0.00000     0.00000     0.00000     0.00000     0.00000    -4.00079
     2.59477    -1.22375    -0.95523    -0.86659    -0.95523     0.00000     0.00000     0.00000     0.00000     0.00000    -4.00079
     2.79577    -1.22375    -0.95523    -0.86659    -0.95523     0.00000     0.00000     0.00000     0.00000     0.00000    -4.00079
     2.99577    -1.22375    -0.95523    -0.86659    -0.95523     0.00000     0.00000     0.00000     0.00000     0.00000    -4.00079
     3.19677    -1.22375    -0.95523    -0.86659    -0.95523     0.00000     0.00000     0.00000     0.00000     0.00000    -4.00079
     3.39777    -1.22375    -0.95523    -0.86659    -0.95523     0.00000     0.00000     0.00000     0.00000     0.00000    -4.00079
     3.59777    -1.22375    -0.95523    -0.86659    -0.95523     0.00000     0.00000     0.00000     0.00000     0.00000    -4.00079
     3.79877    -1.22375    -0.95523    -0.86659    -0.95523     0.00000     0.00000     0.00000     0.00000     0.00000    -4.00080
     3.99877    -1.22376    -0.95523    -0.86686    -0.95523     0.00000     0.00000     0.00000     0.00000     0.00000    -4.00107
     4.19977    -1.22397    -0.95524    -0.86892    -0.95524     0.00000     0.00000     0.00000     0.00000     0.00000    -4.00336
     4.39977    -1.22455    -0.95526    -0.87457    -0.95526     0.00000     0.00000     0.00000     0.00000     0.00000    -4.00963
     4.60077    -1.22552    -0.95532    -0.88499    -0.95532     0.00000     0.00000     0.00000     0.00000     0.00000    -4.02115
     4.80177    -1.22680    -0.95542    -0.89850    -0.95542     0.00000     0.00000     0.00000     0.00000     0.00000    -4.03614
     5.00177    -1.22806    -0.95554    -0.90992    -0.95554     0.00000     0.00000     0.00000     0.00000     0.00000    -4.04905
     5.20277    -1.22955    -0.95571    -0.92140    -0.95571     0.00000     0.00000     0.00000     0.00000     0.00000    -4.06236
     5.40277    -1.23137    -0.95595    -0.93332    -0.95595     0.00000     0.00000     0.00000     0.00000     0.00000    -4.07659
     5.60377    -1.23321    -0.95622    -0.94573    -0.95622     0.00000     0.00000     0.00000     0.00000     0.00000    -4.09137
     5.80477    -1.23517    -0.95652    -0.96075    -0.95652     0.00000     0.00000     0.00000     0.00000     0.00000    -4.10897
     6.00477    -1.23716    -0.95685    -0.97547    -0.95685     0.00000     0.00000     0.00000     0.00000     0.00000    -4.12633
     6.20577    -1.23937    -0.95726    -0.98836    -0.95726     0.00000     0.00000     0.00000     0.00000     0.00000    -4.14224
     6.40577    -1.24205    -0.95781    -1.00306    -0.95781     0.00000     0.00000     0.00000     0.00000     0.00000    -4.16072
     6.60677    -1.24484    -0.95838    -1.01874    -0.95838     0.00000     0.00000     0.00000     0.00000     0.00000    -4.18034
     6.80677    -1.24811    -0.95910    -1.04132    -0.95910     0.00000     0.00000     0.00000     0.00000     0.00000    -4.20764
     7.00777    -1.25138    -0.95985    -1.06759    -0.95985     0.00000     0.00000     0.00000     0.00000     0.00000    -4.23867
     7.20877    -1.25368    -0.96033    -1.08669    -0.96033     0.00000     0.00000     0.00000     0.00000     0.00000    -4.26103
     7.40877    -1.25548    -0.96072    -1.10468    -0.96072     0.00000     0.00000     0.00000     0.00000     0.00000    -4.28160
     7.60977    -1.25746    -0.96120    -1.12230    -0.96120     0.00000     0.00000     0.00000     0.00000     0.00000    -4.30215
     7.80977    -1.25942    -0.96167    -1.13912    -0.96167     0.00000     0.00000     0.00000     0.00000     0.00000    -4.32188
     8.01077    -1.26133    -0.96216    -1.15603    -0.96216     0.00000     0.00000     0.00000     0.00000     0.00000    -4.34169
     8.21177    -1.26343    -0.96280    -1.17094    -0.96280     0.00000     0.00000     0.00000     0.00000     0.00000    -4.35997
     8.41177    -1.26566    -0.96346    -1.17923    -0.96346     0.00000     0.00000     0.00000     0.00000     0.00000    -4.37182
     8.61277    -1.26800    -0.96411    -1.18305    -0.96411     0.00000     0.00000     0.00000     0.00000     0.00000    -4.37927
     8.81277    -1.27180    -0.96520    -1.18781    -0.96520     0.00000     0.00000     0.00000     0.00000     0.00000    -4.39000
     9.01377    -1.27804    -0.96684    -1.19241    -0.96684     0.00000     0.00000     0.00000     0.00000     0.00000    -4.40412
     9.21377    -1.28554    -0.96845    -1.19698    -0.96845     0.00000     0.00000     0.00000     0.00000     0.00000    -4.41942
     9.41477    -1.29521    -0.97009    -1.20173    -0.97009     0.00000     0.00000     0.00000     0.00000     0.00000    -4.43713
     9.61577    -1.30845    -0.97225    -1.20633    -0.97225     0.00000     0.00000     0.00000     0.00000     0.00000    -4.45928
     9.81577    -1.32092    -0.97450    -1.21152    -0.97450     0.00000     0.00000     0.00000     0.00000     0.00000    -4.48144
    10.01677    -1.33171    -0.97682    -1.21721    -0.97682     0.00000     0.00000     0.00000     0.00000     0.00000    -4.50257
    10.21677    -1.34202    -0.97926    -1.22531    -0.97926     0.00000     0.00000     0.00000     0.00000     0.00000    -4.52586
    10.41777    -1.35201    -0.98213    -1.23412    -0.98213     0.00000     0.00000     0.00000     0.00000     0.00000    -4.55039
    10.61777    -1.36765    -0.98667    -1.24080    -0.98667     0.00000     0.00000     0.00000     0.00000     0.00000    -4.58179
    10.81877    -1.38782    -0.99287    -1.24834    -0.99287     0.00000     0.00000     0.00000     0.00000     0.00000    -4.62190
    11.01977    -1.40407    -1.00062    -1.25552    -1.00062     0.00000     0.00000     0.00000     0.00000     0.00000    -4.66084
    11.21977    -1.41488    -1.00964    -1.26224    -1.00964     0.00000     0.00000     0.00000     0.00000     0.00000    -4.69640
    11.42077    -1.42385    -1.01916    -1.27513    -1.01916     0.00000     0.00000     0.00000     0.00000     0.00000    -4.73730
    11.62077    -1.43465    -1.03028    -1.28768    -1.03028     0.00000     0.00000     0.00000     0.00000     0.00000    -4.78288
    11.82177    -1.44319    -1.03960    -1.29583    -1.03960     0.00000     0.00000     0.00000     0.00000     0.00000    -4.81822
    12.02277    -1.44679    -1.04673    -1.30359    -1.04673     0.00000     0.00000     0.00000     0.00000     0.00000    -4.84386
    12.22277    -1.45109    -1.05712    -1.30997    -1.05712     0.00000     0.00000     0.00000     0.00000     0.00000    -4.87531
    12.42377    -1.45588    -1.06806    -1.31516    -1.06806     0.00000     0.00000     0.00000     0.00000     0.00000    -4.90715
    12.62377    -1.45909    -1.07704    -1.31949    -1.07704     0.00000     0.00000     0.00000     0.00000     0.00000    -4.93266
    12.82477    -1.46199    -1.08852    -1.32334    -1.08852     0.00000     0.00000     0.00000     0.00000     0.00000    -4.96236
    13.02477    -1.46576    -1.10290    -1.32616    -1.10290     0.00000     0.00000     0.00000     0.00000     0.00000    -4.99771
    13.22577    -1.46925    -1.11273    -1.32778    -1.11273     0.00000     0.00000     0.00000     0.00000     0.00000    -5.02250
    13.42677    -1.47208    -1.11733    -1.32885    -1.11733     0.00000     0.00000     0.00000     0.00000     0.00000    -5.03558
    13.62677    -1.47692    -1.12214    -1.33031    -1.12214     0.00000     0.00000     0.00000     0.00000     0.00000    -5.05151
    13.82777    -1.48501    -1.12772    -1.33321    -1.12772     0.00000     0.00000     0.00000     0.00000     0.00000    -5.07366
    14.02777    -1.49356    -1.13335    -1.33683    -1.13335     0.00000     0.00000     0.00000     0.00000     0.00000    -5.09709
    14.22877    -1.50330    -1.14137    -1.33914    -1.14137     0.00000     0.00000     0.00000     0.00000     0.00000    -5.12518
    14.42977    -1.51454    -1.15259    -1.34000    -1.15259     0.00000     0.00000     0.00000     0.00000     0.00000    -5.15971
    14.62977    -1.52413    -1.16401    -1.34051    -1.16401     0.00000     0.00000     0.00000     0.00000     0.00000    -5.19266
    14.83077    -1.53207    -1.17313    -1.34111    -1.17313     0.00000     0.00000     0.00000     0.00000     0.00000    -5.21945
    15.03077    -1.53823    -1.18031    -1.34188    -1.18031     0.00000     0.00000     0.00000     0.00000     0.00000    -5.24073
    15.23177    -1.54327    -1.18752    -1.34306    -1.18752     0.00000     0.00000     0.00000     0.00000     0.00000    -5.26137
    15.43177    -1.54898    -1.19535    -1.34470    -1.19535     0.00000     0.00000     0.00000     0.00000     0.00000    -5.28439
    15.63277    -1.55481    -1.20325    -1.34729    -1.20325     0.00000     0.00000     0.00000     0.00000     0.00000    -5.30860
    15.83377    -1.55915    -1.21100    -1.35137    -1.21100     0.00000     0.00000     0.00000     0.00000     0.00000    -5.33252
    16.03377    -1.56283    -1.21938    -1.35558    -1.21938     0.00000     0.00000     0.00000     0.00000     0.00000    -5.35716
    16.23477    -1.56653    -1.22837    -1.35946    -1.22837     0.00000     0.00000     0.00000     0.00000     0.00000    -5.38273
    16.43477    -1.56984    -1.23717    -1.36253    -1.23717     0.00000     0.00000     0.00000     0.00000     0.00000    -5.40672
    16.63577    -1.57264    -1.24638    -1.36566    -1.24638     0.00000     0.00000     0.00000     0.00000     0.00000    -5.43106
    16.83577    -1.57491    -1.25638    -1.36915    -1.25638     0.00000     0.00000     0.00000     0.00000     0.00000    -5.45683
    17.03677    -1.57715    -1.26544    -1.37184    -1.26544     0.00000     0.00000     0.00000     0.00000     0.00000    -5.47987
    17.23777    -1.57955    -1.27452    -1.37537    -1.27452     0.00000     0.00000     0.00000     0.00000     0.00000    -5.50396
    17.43777    -1.58221    -1.28581    -1.37958    -1.28581     0.00000     0.00000     0.00000     0.00000     0.00000    -5.53340
    17.63877    -1.58510    -1.29895    -1.38499    -1.29895     0.00000     0.00000     0.00000     0.00000     0.00000    -5.56800
    17.83877    -1.58924    -1.31174    -1.39123    -1.31174     0.00000     0.00000     0.00000     0.00000     0.00000    -5.60394
    18.03977    -1.59462    -1.32309    -1.39593    -1.32309     0.00000     0.00000     0.00000     0.00000     0.00000    -5.63673
    18.24077    -1.59954    -1.33313    -1.39959    -1.33313     0.00000     0.00000     0.00000     0.00000     0.00000    -5.66538
    18.44077    -1.60358    -1.34289    -1.40263    -1.34289     0.00000     0.00000     0.00000     0.00000     0.00000    -5.69200
    18.64177    -1.60685    -1.35408    -1.40550    -1.35408     0.00000     0.00000     0.00000     0.00000     0.00000    -5.72051
    18.84177    -1.61035    -1.36737    -1.40916    -1.36737     0.00000     0.00000     0.00000     0.00000     0.00000    -5.75425
    19.04277    -1.61474    -1.38299    -1.41416    -1.38299     0.00000     0.00000     0.00000     0.00000     0.00000    -5.79488
    19.24277    -1.61877    -1.39934    -1.41972    -1.39934     0.00000     0.00000     0.00000     0.00000     0.00000    -5.83717
    19.44377    -1.62165    -1.41353    -1.42461    -1.41353     0.00000     0.00000     0.00000     0.00000     0.00000    -5.87333
    19.64477    -1.62399    -1.42578    -1.42871    -1.42578     0.00000     0.00000     0.00000     0.00000     0.00000    -5.90426
    19.84477    -1.62619    -1.43782    -1.43274    -1.43782     0.00000     0.00000     0.00000     0.00000     0.00000    -5.93457
    20.04577    -1.62801    -1.45085    -1.43856    -1.45085     0.00000     0.00000     0.00000     0.00000     0.00000    -5.96827
    20.24577    -1.62953    -1.46183    -1.44463    -1.46183     0.00000     0.00000     0.00000     0.00000     0.00000    -5.99783
    20.44677    -1.63084    -1.47139    -1.44946    -1.47139     0.00000     0.00000     0.00000     0.00000     0.00000    -6.02309
    20.64777    -1.63217    -1.48387    -1.45481    -1.48387     0.00000     0.00000     0.00000     0.00000     0.00000    -6.05471
    20.84777    -1.63338    -1.49637    -1.46001    -1.49637     0.00000     0.00000     0.00000     0.00000     0.00000    -6.08613
    21.04877    -1.63436    -1.50934    -1.46499    -1.50934     0.00000     0.00000     0.00000     0.00000     0.00000    -6.11803
    21.24877    -1.63500    -1.51946    -1.47039    -1.51946     0.00000     0.00000     0.00000     0.00000     0.00000    -6.14431
    21.44977    -1.63529    -1.52366    -1.47528    -1.52366     0.00000     0.00000     0.00000     0.00000     0.00000    -6.15790
    21.64977    -1.63554    -1.52640    -1.47868    -1.52640     0.00000     0.00000     0.00000     0.00000     0.00000    -6.16702
    21.85077    -1.63579    -1.52877    -1.48147    -1.52877     0.00000     0.00000     0.00000     0.00000     0.00000    -6.17479
    22.05177    -1.63603    -1.53126    -1.48423    -1.53126     0.00000     0.00000     0.00000     0.00000     0.00000    -6.18278
    22.25177    -1.63634    -1.53487    -1.48690    -1.53487     0.00000     0.00000     0.00000     0.00000     0.00000    -6.19298
    22.45277    -1.63667    -1.53875    -1.48957    -1.53875     0.00000     0.00000     0.00000     0.00000     0.00000    -6.20375
    22.65277    -1.63703    -1.54183    -1.49156    -1.54183     0.00000     0.00000     0.00000     0.00000     0.00000    -6.21225
    22.85377    -1.63767    -1.54496    -1.49345    -1.54496     0.00000     0.00000     0.00000     0.00000     0.00000    -6.22104
    23.05377    -1.63883    -1.54851    -1.49518    -1.54851     0.00000     0.00000     0.00000     0.00000     0.00000    -6.23102
    23.25477    -1.64015    -1.55194    -1.49636    -1.55194     0.00000     0.00000     0.00000     0.00000     0.00000    -6.24040
    23.45577    -1.64131    -1.55530    -1.49763    -1.55530     0.00000     0.00000     0.00000     0.00000     0.00000    -6.24953
    23.65577    -1.64247    -1.55910    -1.49901    -1.55910     0.00000     0.00000     0.00000     0.00000     0.00000    -6.25968
    23.85677    -1.64369    -1.56281    -1.50023    -1.56281     0.00000     0.00000     0.00000     0.00000     0.00000    -6.26955
    24.05677    -1.64483    -1.56593    -1.50146    -1.56593     0.00000     0.00000     0.00000     0.00000     0.00000    -6.27816
    24.25777    -1.64623    -1.56929    -1.50282    -1.56929     0.00000     0.00000     0.00000     0.00000     0.00000    -6.28762
    24.45877    -1.64811    -1.57287    -1.50423    -1.57287     0.00000     0.00000     0.00000     0.00000     0.00000    -6.29808
    24.65877    -1.65039    -1.57767    -1.50564    -1.57767     0.00000     0.00000     0.00000     0.00000     0.00000    -6.31137
    24.85977    -1.65247    -1.58270    -1.50688    -1.58270     0.00000     0.00000     0.00000     0.00000     0.00000    -6.32475
    25.05977    -1.65387    -1.58672    -1.50792    -1.58672     0.00000     0.00000     0.00000     0.00000     0.00000    -6.33524
    25.26077    -1.65529    -1.59114    -1.50890    -1.59114     0.00000     0.00000     0.00000     0.00000     0.00000    -6.34647
    25.46077    -1.65692    -1.59622    -1.50976    -1.59622     0.00000     0.00000     0.00000     0.00000     0.00000    -6.35911
    25.66177    -1.65832    -1.60013    -1.51059    -1.60013     0.00000     0.00000     0.00000     0.00000     0.00000    -6.36917
    25.86277    -1.65994    -1.60283    -1.51169    -1.60283     0.00000     0.00000     0.00000     0.00000     0.00000    -6.37729
    26.06277    -1.66205    -1.60630    -1.51320    -1.60630     0.00000     0.00000     0.00000     0.00000     0.00000    -6.38785
    26.26377    -1.66427    -1.61047    -1.51495    -1.61047     0.00000     0.00000     0.00000     0.00000     0.00000    -6.40016
    26.46377    -1.66648    -1.61455    -1.51704    -1.61455     0.00000     0.00000     0.00000     0.00000     0.00000    -6.41263
    26.66477    -1.66892    -1.61918    -1.51961    -1.61918     0.00000     0.00000     0.00000     0.00000     0.00000    -6.42689
    26.86577    -1.67150    -1.62594    -1.52345    -1.62594     0.00000     0.00000     0.00000     0.00000     0.00000    -6.44682
    27.06577    -1.67475    -1.63458    -1.52832    -1.63458     0.00000     0.00000     0.00000     0.00000     0.00000    -6.47223
    27.26677    -1.67885    -1.64244    -1.53270    -1.64244     0.00000     0.00000     0.00000     0.00000     0.00000    -6.49644
    27.46677    -1.68301    -1.64804    -1.53706    -1.64804     0.00000     0.00000     0.00000     0.00000     0.00000    -6.51614
    27.66777    -1.68755    -1.65306    -1.54266    -1.65306     0.00000     0.00000     0.00000     0.00000     0.00000    -6.53633
    27.86777    -1.69243    -1.65842    -1.54986    -1.65842     0.00000     0.00000     0.00000     0.00000     0.00000    -6.55913
    28.06877    -1.69705    -1.66355    -1.55819    -1.66355     0.00000     0.00000     0.00000     0.00000     0.00000    -6.58234
    28.26977    -1.70226    -1.66857    -1.56730    -1.66857     0.00000     0.00000     0.00000     0.00000     0.00000    -6.60670
    28.46977    -1.70690    -1.67220    -1.57605    -1.67220     0.00000     0.00000     0.00000     0.00000     0.00000    -6.62734
    28.67077    -1.71027    -1.67436    -1.58553    -1.67436     0.00000     0.00000     0.00000     0.00000     0.00000    -6.64453
    28.87077    -1.71356    -1.67679    -1.59650    -1.67679     0.00000     0.00000     0.00000     0.00000     0.00000    -6.66364
    29.07177    -1.71676    -1.67951    -1.60542    -1.67951     0.00000     0.00000     0.00000     0.00000     0.00000    -6.68121
    29.27177    -1.71961    -1.68208    -1.61152    -1.68208     0.00000     0.00000     0.00000     0.00000     0.00000    -6.69528
    29.47277    -1.72206    -1.68398    -1.61684    -1.68398     0.00000     0.00000     0.00000     0.00000     0.00000    -6.70686
    29.67377    -1.72468    -1.68547    -1.62257    -1.68547     0.00000     0.00000     0.00000     0.00000     0.00000    -6.71820
    29.87377    -1.72685    -1.68681    -1.62830    -1.68681     0.00000     0.00000     0.00000     0.00000     0.00000    -6.72877
    30.07477    -1.72847    -1.68804    -1.63303    -1.68804     0.00000     0.00000     0.00000     0.00000     0.00000    -6.73760
    30.27477    -1.73063    -1.68955    -1.63599    -1.68955     0.00000     0.00000     0.00000     0.00000     0.00000    -6.74571
    30.47577    -1.73303    -1.69113    -1.63739    -1.69113     0.00000     0.00000     0.00000     0.00000     0.00000    -6.75268
    30.67677    -1.73511    -1.69260    -1.63827    -1.69260     0.00000     0.00000     0.00000     0.00000     0.00000    -6.75856
    30.87677    -1.73686    -1.69385    -1.63898    -1.69385     0.00000     0.00000     0.00000     0.00000     0.00000    -6.76355
    31.07777    -1.73855    -1.69496    -1.63977    -1.69496     0.00000     0.00000     0.00000     0.00000     0.00000    -6.76824
    31.27777    -1.74026    -1.69600    -1.64078    -1.69600     0.00000     0.00000     0.00000     0.00000     0.00000    -6.77304
    31.47877    -1.74175    -1.69685    -1.64186    -1.69685     0.00000     0.00000     0.00000     0.00000     0.00000    -6.77731
    31.67877    -1.74300    -1.69755    -1.64309    -1.69755     0.00000     0.00000     0.00000     0.00000     0.00000    -6.78119
    31.87977    -1.74441    -1.69825    -1.64479    -1.69825     0.00000     0.00000     0.00000     0.00000     0.00000    -6.78571
    32.08077    -1.74624    -1.69899    -1.64694    -1.69899     0.00000     0.00000     0.00000     0.00000     0.00000    -6.79115
    32.28077    -1.74807    -1.69971    -1.64924    -1.69971     0.00000     0.00000     0.00000     0.00000     0.00000    -6.79673
    32.48177    -1.74963    -1.70042    -1.65140    -1.70042     0.00000     0.00000     0.00000     0.00000     0.00000    -6.80187
    32.68177    -1.75103    -1.70117    -1.65358    -1.70117     0.00000     0.00000     0.00000     0.00000     0.00000    -6.80695
    32.88277    -1.75210    -1.70193    -1.65598    -1.70193     0.00000     0.00000     0.00000     0.00000     0.00000    -6.81194
    33.08377    -1.75291    -1.70267    -1.65841    -1.70267     0.00000     0.00000     0.00000     0.00000     0.00000    -6.81665
    33.28377    -1.75374    -1.70343    -1.66067    -1.70343     0.00000     0.00000     0.00000     0.00000     0.00000    -6.82126
    33.48477    -1.75453    -1.70415    -1.66270    -1.70415     0.00000     0.00000     0.00000     0.00000     0.00000    -6.82554
    33.68477    -1.75509    -1.70481    -1.66454    -1.70481     0.00000     0.00000     0.00000     0.00000     0.00000    -6.82925
    33.88577    -1.75552    -1.70543    -1.66610    -1.70543     0.00000     0.00000     0.00000     0.00000     0.00000    -6.83248
    34.08577    -1.75594    -1.70602    -1.66740    -1.70602     0.00000     0.00000     0.00000     0.00000     0.00000    -6.83539
    34.28677    -1.75639    -1.70660    -1.66871    -1.70660     0.00000     0.00000     0.00000     0.00000     0.00000    -6.83830
    34.48777    -1.75675    -1.70711    -1.66996    -1.70711     0.00000     0.00000     0.00000     0.00000     0.00000    -6.84093
    34.68777    -1.75691    -1.70739    -1.67065    -1.70739     0.00000     0.00000     0.00000     0.00000     0.00000    -6.84235
    34.88877    -1.75695    -1.70747    -1.67088    -1.70747     0.00000     0.00000     0.00000     0.00000     0.00000    -6.84277
    35.08877    -1.75696    -1.70750    -1.67097    -1.70750     0.00000     0.00000     0.00000     0.00000     0.00000    -6.84292
    35.28977    -1.75696    -1.70752    -1.67101    -1.70752     0.00000     0.00000     0.00000     0.00000     0.00000    -6.84302
    35.48977    -1.75697    -1.70754    -1.67104    -1.70754     0.00000     0.00000     0.00000     0.00000     0.00000    -6.84308
    35.69077    -1.75697    -1.70754    -1.67106    -1.70754     0.00000     0.00000     0.00000     0.00000     0.00000    -6.84312
    35.89177    -1.75697    -1.70755    -1.67109    -1.70755     0.00000     0.00000     0.00000     0.00000     0.00000    -6.84316
    36.09177    -1.75697    -1.70755    -1.67115    -1.70755     0.00000     0.00000     0.00000     0.00000     0.00000    -6.84323
    36.29277    -1.75697    -1.70755    -1.67127    -1.70755     0.00000     0.00000     0.00000     0.00000     0.00000    -6.84334
    36.49277    -1.75697    -1.70756    -1.67140    -1.70756     0.00000     0.00000     0.00000     0.00000     0.00000    -6.84348
    36.69377    -1.75697    -1.70756    -1.67149    -1.70756     0.00000     0.00000     0.00000     0.00000     0.00000    -6.84358
    36.89477    -1.75697    -1.70756    -1.67152    -1.70756     0.00000     0.00000     0.00000     0.00000     0.00000    -6.84361
    37.09477    -1.75697    -1.70756    -1.67152    -1.70756     0.00000     0.00000     0.00000     0.00000     0.00000    -6.84361
    37.29577    -1.75697    -1.70756    -1.67152    -1.70756     0.00000     0.00000     0.00000     0.00000     0.00000    -6.84361
    37.49577    -1.75697    -1.70756    -1.67152    -1.70756     0.00000     0.00000     0.00000     0.00000     0.00000    -6.84361
    37.69677    -1.75697    -1.70756    -1.67152    -1.70756     0.00000     0.00000     0.00000     0.00000     0.00000    -6.84361
    37.89677    -1.75697    -1.70756    -1.67152    -1.70756     0.00000     0.00000     0.00000     0.00000     0.00000    -6.84361
    38.09777    -1.75697    -1.70756    -1.67152    -1.70756     0.00000     0.00000     0.00000     0.00000     0.00000    -6.84361
    38.29877    -1.75697    -1.70756    -1.67152    -1.70756     0.00000     0.00000     0.00000     0.00000     0.00000    -6.84361
    38.49877    -1.75697    -1.70756    -1.67152    -1.70756     0.00000     0.00000     0.00000     0.00000     0.00000    -6.84361
    38.69977    -1.75697    -1.70756    -1.67152    -1.70756     0.00000     0.00000     0.00000     0.00000     0.00000    -6.84361
    38.89977    -1.75697    -1.70756    -1.67152    -1.70756     0.00000     0.00000     0.00000     0.00000     0.00000    -6.84361
    39.10077    -1.75697    -1.70756    -1.67152    -1.70756     0.00000     0.00000     0.00000     0.00000     0.00000    -6.84361
    39.30177    -1.75697    -1.70756    -1.67152    -1.70756     0.00000     0.00000     0.00000     0.00000     0.00000    -6.84361
