     #Energy           s          py          pz          px         dxy         dyz         dz2         dxz         dx2       tot  
   -20.87323     0.00000     0.00000     0.00000     0.00000     0.00000     0.00000     0.00000     0.00000     0.00000     0.00000
   -20.67223     0.00000     0.00000     0.00000     0.00000     0.00000     0.00000     0.00000     0.00000     0.00000     0.00000
   -20.47223     0.00000     0.00000     0.00000     0.00000     0.00000     0.00000     0.00000     0.00000     0.00000     0.00000
   -20.27123     0.00000     0.00000     0.00000     0.00000     0.00000     0.00000     0.00000     0.00000     0.00000     0.00000
   -20.07023     0.00000     0.00000     0.00000     0.00000     0.00000     0.00000     0.00000     0.00000     0.00000     0.00000
   -19.87023     0.00000     0.00000     0.00000     0.00000     0.00000     0.00000     0.00000     0.00000     0.00000     0.00000
   -19.66923     0.00000     0.00000     0.00000     0.00000     0.00000     0.00000     0.00000     0.00000     0.00000     0.00000
   -19.46923     0.00000     0.00000     0.00000     0.00000     0.00000     0.00000     0.00000     0.00000     0.00000     0.00000
   -19.26823     0.00000     0.00000     0.00000     0.00000     0.00000     0.00000     0.00000     0.00000     0.00000     0.00000
   -19.06723     0.00000     0.00000     0.00000     0.00000     0.00000     0.00000     0.00000     0.00000     0.00000     0.00000
   -18.86723     0.00000     0.00000     0.00000     0.00000     0.00000     0.00000     0.00000     0.00000     0.00000     0.00000
   -18.66623     0.00000     0.00000     0.00000     0.00000     0.00000     0.00000     0.00000     0.00000     0.00000     0.00000
   -18.46623     0.00000     0.00000     0.00000     0.00000     0.00000     0.00000     0.00000     0.00000     0.00000     0.00000
   -18.26523     0.00010     0.00000     0.00000     0.00000     0.00000     0.00000     0.00000     0.00000     0.00000     0.00010
   -18.06523     0.00715     0.00001     0.00000     0.00001     0.00000     0.00000     0.00000     0.00000     0.00000     0.00716
   -17.86423     0.03298     0.00005     0.00000     0.00005     0.00000     0.00000     0.00000     0.00000     0.00000     0.03309
   -17.66323     0.07119     0.00017     0.00000     0.00017     0.00000     0.00000     0.00000     0.00000     0.00000     0.07153
   -17.46323     0.11109     0.00039     0.00000     0.00039     0.00000     0.00000     0.00000     0.00000     0.00000     0.11187
   -17.26223     0.15333     0.00070     0.00000     0.00070     0.00000     0.00000     0.00000     0.00000     0.00000     0.15473
   -17.06223     0.19306     0.00105     0.00000     0.00105     0.00000     0.00000     0.00000     0.00000     0.00000     0.19516
   -16.86123     0.23666     0.00151     0.00000     0.00151     0.00000     0.00000     0.00000     0.00000     0.00000     0.23969
   -16.66123     0.28553     0.00209     0.00000     0.00209     0.00000     0.00000     0.00000     0.00000     0.00000     0.28970
   -16.46023     0.32903     0.00263     0.00000     0.00263     0.00000     0.00000     0.00000     0.00000     0.00000     0.33430
   -16.25923     0.37404     0.00323     0.00000     0.00323     0.00000     0.00000     0.00000     0.00000     0.00000     0.38051
   -16.05923     0.43135     0.00401     0.00000     0.00401     0.00000     0.00000     0.00000     0.00000     0.00000     0.43936
   -15.85823     0.49138     0.00480     0.00000     0.00480     0.00000     0.00000     0.00000     0.00000     0.00000     0.50099
   -15.65823     0.54273     0.00544     0.00000     0.00544     0.00000     0.00000     0.00000     0.00000     0.00000     0.55362
   -15.45723     0.61119     0.00621     0.00000     0.00621     0.00000     0.00000     0.00000     0.00000     0.00000     0.62361
   -15.25623     0.70035     0.00706     0.00000     0.00706     0.00000     0.00000     0.00000     0.00000     0.00000     0.71446
   -15.05623     0.80248     0.00772     0.00000     0.00772     0.00000     0.00000     0.00000     0.00000     0.00000     0.81792
   -14.85523     0.93023     0.00826     0.00000     0.00826     0.00000     0.00000     0.00000     0.00000     0.00000     0.94675
   -14.65523     1.03951     0.00862     0.00000     0.00862     0.00000     0.00000     0.00000     0.00000     0.00000     1.05675
   -14.45423     1.10720     0.00877     0.00000     0.00877     0.00000     0.00000     0.00000     0.00000     0.00000     1.12476
   -14.25423     1.13817     0.00881     0.00000     0.00881     0.00000     0.00000     0.00000     0.00000     0.00000     1.15579
   -14.05323     1.14061     0.00881     0.00000     0.00881     0.00000     0.00000     0.00000     0.00000     0.00000     1.15824
   -13.85223     1.14061     0.00881     0.00000     0.00881     0.00000     0.00000     0.00000     0.00000     0.00000     1.15824
   -13.65223     1.14061     0.00881     0.00000     0.00881     0.00000     0.00000     0.00000     0.00000     0.00000     1.15824
   -13.45123     1.14061     0.00881     0.00000     0.00881     0.00000     0.00000     0.00000     0.00000     0.00000     1.15824
   -13.25123     1.14061     0.00881     0.00000     0.00881     0.00000     0.00000     0.00000     0.00000     0.00000     1.15824
   -13.05023     1.14061     0.00881     0.00000     0.00881     0.00000     0.00000     0.00000     0.00000     0.00000     1.15824
   -12.84923     1.14061     0.00881     0.00000     0.00881     0.00000     0.00000     0.00000     0.00000     0.00000     1.15824
   -12.64923     1.14061     0.00881     0.00000     0.00881     0.00000     0.00000     0.00000     0.00000     0.00000     1.15824
   -12.44823     1.14061     0.00881     0.00000     0.00881     0.00000     0.00000     0.00000     0.00000     0.00000     1.15824
   -12.24823     1.14061     0.00881     0.00000     0.00881     0.00000     0.00000     0.00000     0.00000     0.00000     1.15824
   -12.04723     1.14061     0.00881     0.00000     0.00881     0.00000     0.00000     0.00000     0.00000     0.00000     1.15824
   -11.84723     1.14061     0.00881     0.00000     0.00881     0.00000     0.00000     0.00000     0.00000     0.00000     1.15824
   -11.64623     1.14061     0.00881     0.00000     0.00881     0.00000     0.00000     0.00000     0.00000     0.00000     1.15824
   -11.44523     1.14061     0.00881     0.00000     0.00881     0.00000     0.00000     0.00000     0.00000     0.00000     1.15824
   -11.24523     1.14061     0.00881     0.00000     0.00881     0.00000     0.00000     0.00000     0.00000     0.00000     1.15824
   -11.04423     1.14061     0.00881     0.00000     0.00881     0.00000     0.00000     0.00000     0.00000     0.00000     1.15824
   -10.84423     1.14061     0.00881     0.00000     0.00881     0.00000     0.00000     0.00000     0.00000     0.00000     1.15824
   -10.64323     1.14061     0.00881     0.00000     0.00881     0.00000     0.00000     0.00000     0.00000     0.00000     1.15824
   -10.44323     1.14061     0.00881     0.00000     0.00881     0.00000     0.00000     0.00000     0.00000     0.00000     1.15824
   -10.24223     1.14061     0.00881     0.00000     0.00881     0.00000     0.00000     0.00000     0.00000     0.00000     1.15824
   -10.04123     1.14061     0.00881     0.00000     0.00881     0.00000     0.00000     0.00000     0.00000     0.00000     1.15824
    -9.84123     1.14061     0.00881     0.00000     0.00881     0.00000     0.00000     0.00000     0.00000     0.00000     1.15824
    -9.64023     1.14061     0.00881     0.00000     0.00881     0.00000     0.00000     0.00000     0.00000     0.00000     1.15824
    -9.44023     1.14062     0.00908     0.00000     0.00908     0.00000     0.00000     0.00000     0.00000     0.00000     1.15878
    -9.23923     1.14083     0.01745     0.00000     0.01745     0.00000     0.00000     0.00000     0.00000     0.00000     1.17573
    -9.03823     1.14146     0.03533     0.00000     0.03533     0.00000     0.00000     0.00000     0.00000     0.00000     1.21212
    -8.83823     1.14295     0.06036     0.00001     0.06036     0.00000     0.00000     0.00000     0.00000     0.00000     1.26367
    -8.63723     1.14517     0.08931     0.00001     0.08931     0.00000     0.00000     0.00000     0.00000     0.00000     1.32380
    -8.43723     1.14803     0.11918     0.00001     0.11918     0.00000     0.00000     0.00000     0.00000     0.00000     1.38639
    -8.23623     1.15216     0.15115     0.00001     0.15115     0.00000     0.00000     0.00000     0.00000     0.00000     1.45446
    -8.03623     1.15624     0.17415     0.00001     0.17415     0.00000     0.00000     0.00000     0.00000     0.00000     1.50455
    -7.83523     1.15925     0.18674     0.00001     0.18674     0.00000     0.00000     0.00000     0.00000     0.00000     1.53275
    -7.63423     1.16450     0.20589     0.00001     0.20589     0.00000     0.00000     0.00000     0.00000     0.00000     1.57629
    -7.43423     1.16896     0.22518     0.00001     0.22518     0.00000     0.00000     0.00000     0.00000     0.00000     1.61934
    -7.23323     1.17135     0.23964     0.00002     0.23964     0.00000     0.00000     0.00000     0.00000     0.00000     1.65064
    -7.03323     1.17430     0.25596     0.00002     0.25596     0.00000     0.00000     0.00000     0.00000     0.00000     1.68625
    -6.83223     1.17850     0.27490     0.00002     0.27490     0.00000     0.00000     0.00000     0.00000     0.00000     1.72832
    -6.63123     1.18331     0.29690     0.00002     0.29690     0.00000     0.00000     0.00000     0.00000     0.00000     1.77714
    -6.43123     1.18648     0.31904     0.00003     0.31904     0.00000     0.00000     0.00000     0.00000     0.00000     1.82458
    -6.23023     1.18856     0.33878     0.00011     0.33878     0.00000     0.00000     0.00000     0.00000     0.00000     1.86622
    -6.03023     1.19205     0.36059     0.00160     0.36059     0.00000     0.00000     0.00000     0.00000     0.00000     1.91482
    -5.82923     1.19569     0.38643     0.00605     0.38643     0.00000     0.00000     0.00000     0.00000     0.00000     1.97460
    -5.62923     1.19780     0.40706     0.01367     0.40706     0.00000     0.00000     0.00000     0.00000     0.00000     2.02558
    -5.42823     1.20049     0.43111     0.02367     0.43111     0.00000     0.00000     0.00000     0.00000     0.00000     2.08639
    -5.22723     1.20379     0.46505     0.03699     0.46505     0.00000     0.00000     0.00000     0.00000     0.00000     2.17088
    -5.02723     1.20718     0.49664     0.05464     0.49664     0.00000     0.00000     0.00000     0.00000     0.00000     2.25510
    -4.82623     1.20902     0.52854     0.07429     0.52854     0.00000     0.00000     0.00000     0.00000     0.00000     2.34040
    -4.62623     1.21067     0.57310     0.09321     0.57310     0.00000     0.00000     0.00000     0.00000     0.00000     2.45008
    -4.42523     1.21252     0.61987     0.11293     0.61987     0.00000     0.00000     0.00000     0.00000     0.00000     2.56519
    -4.22523     1.21417     0.66480     0.13514     0.66480     0.00000     0.00000     0.00000     0.00000     0.00000     2.67892
    -4.02423     1.21623     0.70021     0.15740     0.70021     0.00000     0.00000     0.00000     0.00000     0.00000     2.77406
    -3.82323     1.21794     0.72916     0.17880     0.72916     0.00000     0.00000     0.00000     0.00000     0.00000     2.85505
    -3.62323     1.21878     0.76174     0.20127     0.76174     0.00000     0.00000     0.00000     0.00000     0.00000     2.94353
    -3.42223     1.21962     0.78709     0.22615     0.78709     0.00000     0.00000     0.00000     0.00000     0.00000     3.01995
    -3.22223     1.22069     0.80680     0.25244     0.80680     0.00000     0.00000     0.00000     0.00000     0.00000     3.08672
    -3.02123     1.22122     0.82791     0.27817     0.82791     0.00000     0.00000     0.00000     0.00000     0.00000     3.15522
    -2.82023     1.22184     0.85380     0.30652     0.85380     0.00000     0.00000     0.00000     0.00000     0.00000     3.23596
    -2.62023     1.22269     0.87818     0.33648     0.87818     0.00000     0.00000     0.00000     0.00000     0.00000     3.31553
    -2.41923     1.22319     0.89409     0.36536     0.89409     0.00000     0.00000     0.00000     0.00000     0.00000     3.37673
    -2.21923     1.22333     0.91264     0.40003     0.91264     0.00000     0.00000     0.00000     0.00000     0.00000     3.44864
    -2.01823     1.22352     0.93237     0.43813     0.93237     0.00000     0.00000     0.00000     0.00000     0.00000     3.52639
    -1.81823     1.22363     0.94686     0.48135     0.94686     0.00000     0.00000     0.00000     0.00000     0.00000     3.59869
    -1.61723     1.22367     0.95482     0.53380     0.95482     0.00000     0.00000     0.00000     0.00000     0.00000     3.66712
    -1.41623     1.22368     0.95519     0.59121     0.95519     0.00000     0.00000     0.00000     0.00000     0.00000     3.72526
    -1.21623     1.22368     0.95520     0.66023     0.95520     0.00000     0.00000     0.00000     0.00000     0.00000     3.79431
    -1.01523     1.22369     0.95521     0.72989     0.95521     0.00000     0.00000     0.00000     0.00000     0.00000     3.86400
    -0.81523     1.22369     0.95522     0.78250     0.95522     0.00000     0.00000     0.00000     0.00000     0.00000     3.91664
    -0.61423     1.22369     0.95523     0.82458     0.95523     0.00000     0.00000     0.00000     0.00000     0.00000     3.95873
    -0.41323     1.22369     0.95523     0.85547     0.95523     0.00000     0.00000     0.00000     0.00000     0.00000     3.98963
    -0.21323     1.22369     0.95523     0.86651     0.95523     0.00000     0.00000     0.00000     0.00000     0.00000     4.00067
    -0.01223     1.22369     0.95523     0.86675     0.95523     0.00000     0.00000     0.00000     0.00000     0.00000     4.00091
     0.18777     1.22369     0.95523     0.86675     0.95523     0.00000     0.00000     0.00000     0.00000     0.00000     4.00091
     0.38877     1.22369     0.95523     0.86675     0.95523     0.00000     0.00000     0.00000     0.00000     0.00000     4.00091
     0.58877     1.22369     0.95523     0.86675     0.95523     0.00000     0.00000     0.00000     0.00000     0.00000     4.00091
     0.78977     1.22369     0.95523     0.86675     0.95523     0.00000     0.00000     0.00000     0.00000     0.00000     4.00091
     0.99077     1.22369     0.95523     0.86675     0.95523     0.00000     0.00000     0.00000     0.00000     0.00000     4.00091
     1.19077     1.22369     0.95523     0.86675     0.95523     0.00000     0.00000     0.00000     0.00000     0.00000     4.00091
     1.39177     1.22369     0.95523     0.86675     0.95523     0.00000     0.00000     0.00000     0.00000     0.00000     4.00091
     1.59177     1.22369     0.95523     0.86675     0.95523     0.00000     0.00000     0.00000     0.00000     0.00000     4.00091
     1.79277     1.22369     0.95523     0.86675     0.95523     0.00000     0.00000     0.00000     0.00000     0.00000     4.00091
     1.99377     1.22369     0.95523     0.86675     0.95523     0.00000     0.00000     0.00000     0.00000     0.00000     4.00091
     2.19377     1.22369     0.95523     0.86675     0.95523     0.00000     0.00000     0.00000     0.00000     0.00000     4.00091
     2.39477     1.22369     0.95523     0.86675     0.95523     0.00000     0.00000     0.00000     0.00000     0.00000     4.00091
     2.59477     1.22369     0.95523     0.86675     0.95523     0.00000     0.00000     0.00000     0.00000     0.00000     4.00091
     2.79577     1.22369     0.95523     0.86675     0.95523     0.00000     0.00000     0.00000     0.00000     0.00000     4.00091
     2.99577     1.22369     0.95523     0.86675     0.95523     0.00000     0.00000     0.00000     0.00000     0.00000     4.00091
     3.19677     1.22369     0.95523     0.86675     0.95523     0.00000     0.00000     0.00000     0.00000     0.00000     4.00091
     3.39777     1.22369     0.95523     0.86675     0.95523     0.00000     0.00000     0.00000     0.00000     0.00000     4.00091
     3.59777     1.22369     0.95523     0.86675     0.95523     0.00000     0.00000     0.00000     0.00000     0.00000     4.00091
     3.79877     1.22369     0.95523     0.86675     0.95523     0.00000     0.00000     0.00000     0.00000     0.00000     4.00091
     3.99877     1.22370     0.95523     0.86702     0.95523     0.00000     0.00000     0.00000     0.00000     0.00000     4.00119
     4.19977     1.22392     0.95524     0.86907     0.95524     0.00000     0.00000     0.00000     0.00000     0.00000     4.00347
     4.39977     1.22449     0.95526     0.87470     0.95526     0.00000     0.00000     0.00000     0.00000     0.00000     4.00972
     4.60077     1.22547     0.95532     0.88511     0.95532     0.00000     0.00000     0.00000     0.00000     0.00000     4.02122
     4.80177     1.22674     0.95542     0.89862     0.95542     0.00000     0.00000     0.00000     0.00000     0.00000     4.03620
     5.00177     1.22800     0.95554     0.91004     0.95554     0.00000     0.00000     0.00000     0.00000     0.00000     4.04913
     5.20277     1.22949     0.95571     0.92152     0.95571     0.00000     0.00000     0.00000     0.00000     0.00000     4.06243
     5.40277     1.23131     0.95595     0.93344     0.95595     0.00000     0.00000     0.00000     0.00000     0.00000     4.07666
     5.60377     1.23315     0.95622     0.94584     0.95622     0.00000     0.00000     0.00000     0.00000     0.00000     4.09143
     5.80477     1.23511     0.95652     0.96087     0.95652     0.00000     0.00000     0.00000     0.00000     0.00000     4.10903
     6.00477     1.23710     0.95685     0.97560     0.95685     0.00000     0.00000     0.00000     0.00000     0.00000     4.12640
     6.20577     1.23931     0.95726     0.98848     0.95726     0.00000     0.00000     0.00000     0.00000     0.00000     4.14231
     6.40577     1.24199     0.95781     1.00318     0.95781     0.00000     0.00000     0.00000     0.00000     0.00000     4.16079
     6.60677     1.24478     0.95838     1.01886     0.95838     0.00000     0.00000     0.00000     0.00000     0.00000     4.18040
     6.80677     1.24805     0.95911     1.04143     0.95911     0.00000     0.00000     0.00000     0.00000     0.00000     4.20769
     7.00777     1.25132     0.95985     1.06770     0.95985     0.00000     0.00000     0.00000     0.00000     0.00000     4.23873
     7.20877     1.25362     0.96034     1.08682     0.96034     0.00000     0.00000     0.00000     0.00000     0.00000     4.26111
     7.40877     1.25543     0.96072     1.10481     0.96072     0.00000     0.00000     0.00000     0.00000     0.00000     4.28168
     7.60977     1.25740     0.96120     1.12243     0.96120     0.00000     0.00000     0.00000     0.00000     0.00000     4.30223
     7.80977     1.25936     0.96167     1.13925     0.96167     0.00000     0.00000     0.00000     0.00000     0.00000     4.32195
     8.01077     1.26127     0.96217     1.15616     0.96217     0.00000     0.00000     0.00000     0.00000     0.00000     4.34177
     8.21177     1.26337     0.96280     1.17108     0.96280     0.00000     0.00000     0.00000     0.00000     0.00000     4.36004
     8.41177     1.26560     0.96346     1.17936     0.96346     0.00000     0.00000     0.00000     0.00000     0.00000     4.37189
     8.61277     1.26794     0.96411     1.18318     0.96411     0.00000     0.00000     0.00000     0.00000     0.00000     4.37934
     8.81277     1.27173     0.96520     1.18794     0.96520     0.00000     0.00000     0.00000     0.00000     0.00000     4.39006
     9.01377     1.27796     0.96683     1.19254     0.96683     0.00000     0.00000     0.00000     0.00000     0.00000     4.40417
     9.21377     1.28546     0.96845     1.19712     0.96845     0.00000     0.00000     0.00000     0.00000     0.00000     4.41947
     9.41477     1.29514     0.97009     1.20186     0.97009     0.00000     0.00000     0.00000     0.00000     0.00000     4.43718
     9.61577     1.30837     0.97225     1.20646     0.97225     0.00000     0.00000     0.00000     0.00000     0.00000     4.45933
     9.81577     1.32085     0.97450     1.21165     0.97450     0.00000     0.00000     0.00000     0.00000     0.00000     4.48149
    10.01677     1.33164     0.97682     1.21734     0.97682     0.00000     0.00000     0.00000     0.00000     0.00000     4.50262
    10.21677     1.34195     0.97926     1.22543     0.97926     0.00000     0.00000     0.00000     0.00000     0.00000     4.52590
    10.41777     1.35194     0.98212     1.23425     0.98212     0.00000     0.00000     0.00000     0.00000     0.00000     4.55043
    10.61777     1.36757     0.98666     1.24093     0.98666     0.00000     0.00000     0.00000     0.00000     0.00000     4.58182
    10.81877     1.38774     0.99286     1.24847     0.99286     0.00000     0.00000     0.00000     0.00000     0.00000     4.62193
    11.01977     1.40400     1.00061     1.25565     1.00061     0.00000     0.00000     0.00000     0.00000     0.00000     4.66087
    11.21977     1.41481     1.00962     1.26237     1.00962     0.00000     0.00000     0.00000     0.00000     0.00000     4.69642
    11.42077     1.42378     1.01914     1.27526     1.01914     0.00000     0.00000     0.00000     0.00000     0.00000     4.73732
    11.62077     1.43458     1.03025     1.28781     1.03025     0.00000     0.00000     0.00000     0.00000     0.00000     4.78290
    11.82177     1.44313     1.03958     1.29597     1.03958     0.00000     0.00000     0.00000     0.00000     0.00000     4.81824
    12.02277     1.44673     1.04671     1.30373     1.04671     0.00000     0.00000     0.00000     0.00000     0.00000     4.84389
    12.22277     1.45103     1.05710     1.31010     1.05710     0.00000     0.00000     0.00000     0.00000     0.00000     4.87533
    12.42377     1.45582     1.06803     1.31529     1.06803     0.00000     0.00000     0.00000     0.00000     0.00000     4.90718
    12.62377     1.45904     1.07702     1.31962     1.07702     0.00000     0.00000     0.00000     0.00000     0.00000     4.93269
    12.82477     1.46194     1.08849     1.32347     1.08849     0.00000     0.00000     0.00000     0.00000     0.00000     4.96238
    13.02477     1.46570     1.10286     1.32629     1.10286     0.00000     0.00000     0.00000     0.00000     0.00000     4.99772
    13.22577     1.46919     1.11271     1.32792     1.11271     0.00000     0.00000     0.00000     0.00000     0.00000     5.02253
    13.42677     1.47202     1.11731     1.32898     1.11731     0.00000     0.00000     0.00000     0.00000     0.00000     5.03562
    13.62677     1.47686     1.12212     1.33044     1.12212     0.00000     0.00000     0.00000     0.00000     0.00000     5.05155
    13.82777     1.48494     1.12770     1.33335     1.12770     0.00000     0.00000     0.00000     0.00000     0.00000     5.07370
    14.02777     1.49350     1.13333     1.33697     1.13333     0.00000     0.00000     0.00000     0.00000     0.00000     5.09713
    14.22877     1.50324     1.14135     1.33928     1.14135     0.00000     0.00000     0.00000     0.00000     0.00000     5.12521
    14.42977     1.51447     1.15257     1.34013     1.15257     0.00000     0.00000     0.00000     0.00000     0.00000     5.15974
    14.62977     1.52406     1.16400     1.34064     1.16400     0.00000     0.00000     0.00000     0.00000     0.00000     5.19270
    14.83077     1.53201     1.17312     1.34124     1.17312     0.00000     0.00000     0.00000     0.00000     0.00000     5.21949
    15.03077     1.53817     1.18030     1.34201     1.18030     0.00000     0.00000     0.00000     0.00000     0.00000     5.24078
    15.23177     1.54321     1.18751     1.34319     1.18751     0.00000     0.00000     0.00000     0.00000     0.00000     5.26142
    15.43177     1.54892     1.19534     1.34484     1.19534     0.00000     0.00000     0.00000     0.00000     0.00000     5.28443
    15.63277     1.55475     1.20324     1.34742     1.20324     0.00000     0.00000     0.00000     0.00000     0.00000     5.30864
    15.83377     1.55909     1.21099     1.35149     1.21099     0.00000     0.00000     0.00000     0.00000     0.00000     5.33255
    16.03377     1.56277     1.21936     1.35570     1.21936     0.00000     0.00000     0.00000     0.00000     0.00000     5.35720
    16.23477     1.56647     1.22836     1.35959     1.22836     0.00000     0.00000     0.00000     0.00000     0.00000     5.38278
    16.43477     1.56978     1.23716     1.36266     1.23716     0.00000     0.00000     0.00000     0.00000     0.00000     5.40677
    16.63577     1.57258     1.24637     1.36579     1.24637     0.00000     0.00000     0.00000     0.00000     0.00000     5.43110
    16.83577     1.57485     1.25637     1.36928     1.25637     0.00000     0.00000     0.00000     0.00000     0.00000     5.45687
    17.03677     1.57709     1.26543     1.37198     1.26543     0.00000     0.00000     0.00000     0.00000     0.00000     5.47992
    17.23777     1.57949     1.27450     1.37550     1.27450     0.00000     0.00000     0.00000     0.00000     0.00000     5.50400
    17.43777     1.58215     1.28578     1.37970     1.28578     0.00000     0.00000     0.00000     0.00000     0.00000     5.53342
    17.63877     1.58504     1.29893     1.38511     1.29893     0.00000     0.00000     0.00000     0.00000     0.00000     5.56801
    17.83877     1.58918     1.31172     1.39135     1.31172     0.00000     0.00000     0.00000     0.00000     0.00000     5.60397
    18.03977     1.59455     1.32307     1.39606     1.32307     0.00000     0.00000     0.00000     0.00000     0.00000     5.63676
    18.24077     1.59948     1.33312     1.39971     1.33312     0.00000     0.00000     0.00000     0.00000     0.00000     5.66543
    18.44077     1.60352     1.34289     1.40275     1.34289     0.00000     0.00000     0.00000     0.00000     0.00000     5.69204
    18.64177     1.60678     1.35407     1.40562     1.35407     0.00000     0.00000     0.00000     0.00000     0.00000     5.72056
    18.84177     1.61029     1.36735     1.40928     1.36735     0.00000     0.00000     0.00000     0.00000     0.00000     5.75428
    19.04277     1.61467     1.38298     1.41428     1.38298     0.00000     0.00000     0.00000     0.00000     0.00000     5.79491
    19.24277     1.61871     1.39933     1.41984     1.39933     0.00000     0.00000     0.00000     0.00000     0.00000     5.83720
    19.44377     1.62159     1.41352     1.42473     1.41352     0.00000     0.00000     0.00000     0.00000     0.00000     5.87336
    19.64477     1.62392     1.42577     1.42883     1.42577     0.00000     0.00000     0.00000     0.00000     0.00000     5.90430
    19.84477     1.62612     1.43781     1.43286     1.43781     0.00000     0.00000     0.00000     0.00000     0.00000     5.93460
    20.04577     1.62795     1.45084     1.43867     1.45084     0.00000     0.00000     0.00000     0.00000     0.00000     5.96831
    20.24577     1.62947     1.46182     1.44475     1.46182     0.00000     0.00000     0.00000     0.00000     0.00000     5.99787
    20.44677     1.63077     1.47138     1.44958     1.47138     0.00000     0.00000     0.00000     0.00000     0.00000     6.02312
    20.64777     1.63210     1.48386     1.45492     1.48386     0.00000     0.00000     0.00000     0.00000     0.00000     6.05474
    20.84777     1.63332     1.49637     1.46012     1.49637     0.00000     0.00000     0.00000     0.00000     0.00000     6.08617
    21.04877     1.63430     1.50934     1.46509     1.50934     0.00000     0.00000     0.00000     0.00000     0.00000     6.11807
    21.24877     1.63493     1.51946     1.47050     1.51946     0.00000     0.00000     0.00000     0.00000     0.00000     6.14436
    21.44977     1.63523     1.52366     1.47539     1.52366     0.00000     0.00000     0.00000     0.00000     0.00000     6.15795
    21.64977     1.63547     1.52641     1.47880     1.52641     0.00000     0.00000     0.00000     0.00000     0.00000     6.16708
    21.85077     1.63572     1.52877     1.48158     1.52877     0.00000     0.00000     0.00000     0.00000     0.00000     6.17485
    22.05177     1.63596     1.53127     1.48435     1.53127     0.00000     0.00000     0.00000     0.00000     0.00000     6.18284
    22.25177     1.63627     1.53488     1.48702     1.53488     0.00000     0.00000     0.00000     0.00000     0.00000     6.19304
    22.45277     1.63660     1.53876     1.48969     1.53876     0.00000     0.00000     0.00000     0.00000     0.00000     6.20381
    22.65277     1.63696     1.54184     1.49168     1.54184     0.00000     0.00000     0.00000     0.00000     0.00000     6.21231
    22.85377     1.63760     1.54497     1.49356     1.54497     0.00000     0.00000     0.00000     0.00000     0.00000     6.22111
    23.05377     1.63876     1.54852     1.49529     1.54852     0.00000     0.00000     0.00000     0.00000     0.00000     6.23108
    23.25477     1.64009     1.55195     1.49648     1.55195     0.00000     0.00000     0.00000     0.00000     0.00000     6.24046
    23.45577     1.64124     1.55530     1.49774     1.55530     0.00000     0.00000     0.00000     0.00000     0.00000     6.24958
    23.65577     1.64240     1.55910     1.49913     1.55910     0.00000     0.00000     0.00000     0.00000     0.00000     6.25974
    23.85677     1.64362     1.56282     1.50035     1.56282     0.00000     0.00000     0.00000     0.00000     0.00000     6.26961
    24.05677     1.64476     1.56594     1.50157     1.56594     0.00000     0.00000     0.00000     0.00000     0.00000     6.27822
    24.25777     1.64616     1.56930     1.50293     1.56930     0.00000     0.00000     0.00000     0.00000     0.00000     6.28768
    24.45877     1.64804     1.57287     1.50435     1.57287     0.00000     0.00000     0.00000     0.00000     0.00000     6.29813
    24.65877     1.65032     1.57767     1.50576     1.57767     0.00000     0.00000     0.00000     0.00000     0.00000     6.31141
    24.85977     1.65240     1.58270     1.50699     1.58270     0.00000     0.00000     0.00000     0.00000     0.00000     6.32480
    25.05977     1.65380     1.58673     1.50804     1.58673     0.00000     0.00000     0.00000     0.00000     0.00000     6.33529
    25.26077     1.65522     1.59114     1.50902     1.59114     0.00000     0.00000     0.00000     0.00000     0.00000     6.34651
    25.46077     1.65685     1.59621     1.50988     1.59621     0.00000     0.00000     0.00000     0.00000     0.00000     6.35914
    25.66177     1.65825     1.60013     1.51070     1.60013     0.00000     0.00000     0.00000     0.00000     0.00000     6.36921
    25.86277     1.65986     1.60283     1.51181     1.60283     0.00000     0.00000     0.00000     0.00000     0.00000     6.37732
    26.06277     1.66197     1.60629     1.51331     1.60629     0.00000     0.00000     0.00000     0.00000     0.00000     6.38788
    26.26377     1.66420     1.61046     1.51507     1.61046     0.00000     0.00000     0.00000     0.00000     0.00000     6.40017
    26.46377     1.66641     1.61454     1.51715     1.61454     0.00000     0.00000     0.00000     0.00000     0.00000     6.41264
    26.66477     1.66884     1.61917     1.51972     1.61917     0.00000     0.00000     0.00000     0.00000     0.00000     6.42690
    26.86577     1.67142     1.62592     1.52355     1.62592     0.00000     0.00000     0.00000     0.00000     0.00000     6.44683
    27.06577     1.67467     1.63457     1.52842     1.63457     0.00000     0.00000     0.00000     0.00000     0.00000     6.47224
    27.26677     1.67877     1.64243     1.53281     1.64243     0.00000     0.00000     0.00000     0.00000     0.00000     6.49645
    27.46677     1.68293     1.64803     1.53716     1.64803     0.00000     0.00000     0.00000     0.00000     0.00000     6.51614
    27.66777     1.68747     1.65305     1.54276     1.65305     0.00000     0.00000     0.00000     0.00000     0.00000     6.53633
    27.86777     1.69235     1.65841     1.54996     1.65841     0.00000     0.00000     0.00000     0.00000     0.00000     6.55912
    28.06877     1.69697     1.66354     1.55829     1.66354     0.00000     0.00000     0.00000     0.00000     0.00000     6.58233
    28.26977     1.70218     1.66856     1.56739     1.66856     0.00000     0.00000     0.00000     0.00000     0.00000     6.60669
    28.46977     1.70683     1.67219     1.57614     1.67219     0.00000     0.00000     0.00000     0.00000     0.00000     6.62735
    28.67077     1.71020     1.67436     1.58562     1.67436     0.00000     0.00000     0.00000     0.00000     0.00000     6.64454
    28.87077     1.71348     1.67678     1.59659     1.67678     0.00000     0.00000     0.00000     0.00000     0.00000     6.66364
    29.07177     1.71668     1.67951     1.60552     1.67951     0.00000     0.00000     0.00000     0.00000     0.00000     6.68122
    29.27177     1.71953     1.68207     1.61163     1.68207     0.00000     0.00000     0.00000     0.00000     0.00000     6.69530
    29.47277     1.72198     1.68398     1.61694     1.68398     0.00000     0.00000     0.00000     0.00000     0.00000     6.70687
    29.67377     1.72461     1.68547     1.62267     1.68547     0.00000     0.00000     0.00000     0.00000     0.00000     6.71821
    29.87377     1.72677     1.68680     1.62841     1.68680     0.00000     0.00000     0.00000     0.00000     0.00000     6.72879
    30.07477     1.72840     1.68804     1.63314     1.68804     0.00000     0.00000     0.00000     0.00000     0.00000     6.73762
    30.27477     1.73055     1.68954     1.63610     1.68954     0.00000     0.00000     0.00000     0.00000     0.00000     6.74574
    30.47577     1.73296     1.69112     1.63751     1.69112     0.00000     0.00000     0.00000     0.00000     0.00000     6.75271
    30.67677     1.73503     1.69259     1.63838     1.69259     0.00000     0.00000     0.00000     0.00000     0.00000     6.75860
    30.87677     1.73678     1.69385     1.63910     1.69385     0.00000     0.00000     0.00000     0.00000     0.00000     6.76358
    31.07777     1.73848     1.69496     1.63989     1.69496     0.00000     0.00000     0.00000     0.00000     0.00000     6.76828
    31.27777     1.74018     1.69600     1.64090     1.69600     0.00000     0.00000     0.00000     0.00000     0.00000     6.77307
    31.47877     1.74168     1.69684     1.64198     1.69684     0.00000     0.00000     0.00000     0.00000     0.00000     6.77734
    31.67877     1.74293     1.69754     1.64320     1.69754     0.00000     0.00000     0.00000     0.00000     0.00000     6.78123
    31.87977     1.74433     1.69825     1.64491     1.69825     0.00000     0.00000     0.00000     0.00000     0.00000     6.78574
    32.08077     1.74617     1.69898     1.64705     1.69898     0.00000     0.00000     0.00000     0.00000     0.00000     6.79119
    32.28077     1.74799     1.69970     1.64935     1.69970     0.00000     0.00000     0.00000     0.00000     0.00000     6.79676
    32.48177     1.74956     1.70042     1.65151     1.70042     0.00000     0.00000     0.00000     0.00000     0.00000     6.80190
    32.68177     1.75096     1.70116     1.65369     1.70116     0.00000     0.00000     0.00000     0.00000     0.00000     6.80698
    32.88277     1.75203     1.70192     1.65609     1.70192     0.00000     0.00000     0.00000     0.00000     0.00000     6.81197
    33.08377     1.75284     1.70266     1.65852     1.70266     0.00000     0.00000     0.00000     0.00000     0.00000     6.81668
    33.28377     1.75367     1.70342     1.66078     1.70342     0.00000     0.00000     0.00000     0.00000     0.00000     6.82129
    33.48477     1.75446     1.70415     1.66282     1.70415     0.00000     0.00000     0.00000     0.00000     0.00000     6.82556
    33.68477     1.75502     1.70480     1.66466     1.70480     0.00000     0.00000     0.00000     0.00000     0.00000     6.82928
    33.88577     1.75544     1.70542     1.66622     1.70542     0.00000     0.00000     0.00000     0.00000     0.00000     6.83251
    34.08577     1.75587     1.70602     1.66752     1.70602     0.00000     0.00000     0.00000     0.00000     0.00000     6.83542
    34.28677     1.75632     1.70659     1.66883     1.70659     0.00000     0.00000     0.00000     0.00000     0.00000     6.83833
    34.48777     1.75669     1.70710     1.67008     1.70710     0.00000     0.00000     0.00000     0.00000     0.00000     6.84097
    34.68777     1.75685     1.70739     1.67077     1.70739     0.00000     0.00000     0.00000     0.00000     0.00000     6.84240
    34.88877     1.75688     1.70747     1.67100     1.70747     0.00000     0.00000     0.00000     0.00000     0.00000     6.84281
    35.08877     1.75689     1.70749     1.67108     1.70749     0.00000     0.00000     0.00000     0.00000     0.00000     6.84296
    35.28977     1.75690     1.70752     1.67113     1.70752     0.00000     0.00000     0.00000     0.00000     0.00000     6.84307
    35.48977     1.75690     1.70754     1.67116     1.70754     0.00000     0.00000     0.00000     0.00000     0.00000     6.84313
    35.69077     1.75690     1.70754     1.67118     1.70754     0.00000     0.00000     0.00000     0.00000     0.00000     6.84317
    35.89177     1.75690     1.70755     1.67122     1.70755     0.00000     0.00000     0.00000     0.00000     0.00000     6.84321
    36.09177     1.75690     1.70755     1.67128     1.70755     0.00000     0.00000     0.00000     0.00000     0.00000     6.84328
    36.29277     1.75690     1.70755     1.67139     1.70755     0.00000     0.00000     0.00000     0.00000     0.00000     6.84339
    36.49277     1.75690     1.70755     1.67152     1.70755     0.00000     0.00000     0.00000     0.00000     0.00000     6.84353
    36.69377     1.75690     1.70756     1.67161     1.70756     0.00000     0.00000     0.00000     0.00000     0.00000     6.84363
    36.89477     1.75690     1.70756     1.67165     1.70756     0.00000     0.00000     0.00000     0.00000     0.00000     6.84366
    37.09477     1.75690     1.70756     1.67165     1.70756     0.00000     0.00000     0.00000     0.00000     0.00000     6.84367
    37.29577     1.75690     1.70756     1.67165     1.70756     0.00000     0.00000     0.00000     0.00000     0.00000     6.84367
    37.49577     1.75690     1.70756     1.67165     1.70756     0.00000     0.00000     0.00000     0.00000     0.00000     6.84367
    37.69677     1.75690     1.70756     1.67165     1.70756     0.00000     0.00000     0.00000     0.00000     0.00000     6.84367
    37.89677     1.75690     1.70756     1.67165     1.70756     0.00000     0.00000     0.00000     0.00000     0.00000     6.84367
    38.09777     1.75690     1.70756     1.67165     1.70756     0.00000     0.00000     0.00000     0.00000     0.00000     6.84367
    38.29877     1.75690     1.70756     1.67165     1.70756     0.00000     0.00000     0.00000     0.00000     0.00000     6.84367
    38.49877     1.75690     1.70756     1.67165     1.70756     0.00000     0.00000     0.00000     0.00000     0.00000     6.84367
    38.69977     1.75690     1.70756     1.67165     1.70756     0.00000     0.00000     0.00000     0.00000     0.00000     6.84367
    38.89977     1.75690     1.70756     1.67165     1.70756     0.00000     0.00000     0.00000     0.00000     0.00000     6.84367
    39.10077     1.75690     1.70756     1.67165     1.70756     0.00000     0.00000     0.00000     0.00000     0.00000     6.84367
    39.30177     1.75690     1.70756     1.67165     1.70756     0.00000     0.00000     0.00000     0.00000     0.00000     6.84367
