     #Energy           s          py          pz          px         dxy         dyz         dz2         dxz         dx2       tot  
   -20.87323     0.00000     0.00000     0.00000     0.00000     0.00000     0.00000     0.00000     0.00000     0.00000     0.00000
   -20.67223     0.00000     0.00000     0.00000     0.00000     0.00000     0.00000     0.00000     0.00000     0.00000     0.00000
   -20.47223     0.00000     0.00000     0.00000     0.00000     0.00000     0.00000     0.00000     0.00000     0.00000     0.00000
   -20.27123     0.00000     0.00000     0.00000     0.00000     0.00000     0.00000     0.00000     0.00000     0.00000     0.00000
   -20.07023     0.00000     0.00000     0.00000     0.00000     0.00000     0.00000     0.00000     0.00000     0.00000     0.00000
   -19.87023     0.00000     0.00000     0.00000     0.00000     0.00000     0.00000     0.00000     0.00000     0.00000     0.00000
   -19.66923     0.00000     0.00000     0.00000     0.00000     0.00000     0.00000     0.00000     0.00000     0.00000     0.00000
   -19.46923     0.00000     0.00000     0.00000     0.00000     0.00000     0.00000     0.00000     0.00000     0.00000     0.00000
   -19.26823     0.00000     0.00000     0.00000     0.00000     0.00000     0.00000     0.00000     0.00000     0.00000     0.00000
   -19.06723     0.00000     0.00000     0.00000     0.00000     0.00000     0.00000     0.00000     0.00000     0.00000     0.00000
   -18.86723     0.00000     0.00000     0.00000     0.00000     0.00000     0.00000     0.00000     0.00000     0.00000     0.00000
   -18.66623    -0.00000    -0.00000    -0.00000    -0.00000     0.00000     0.00000     0.00000     0.00000     0.00000    -0.00000
   -18.46623    -0.00000    -0.00000    -0.00000    -0.00000     0.00000     0.00000     0.00000     0.00000     0.00000    -0.00000
   -18.26523    -0.00005    -0.00000    -0.00000    -0.00000     0.00000     0.00000     0.00000     0.00000     0.00000    -0.00005
   -18.06523    -0.00374    -0.00002    -0.00000    -0.00002     0.00000     0.00000     0.00000     0.00000     0.00000    -0.00378
   -17.86423    -0.01694    -0.00022    -0.00000    -0.00022     0.00000     0.00000     0.00000     0.00000     0.00000    -0.01738
   -17.66323    -0.03593    -0.00074    -0.00000    -0.00074     0.00000     0.00000     0.00000     0.00000     0.00000    -0.03741
   -17.46323    -0.05471    -0.00171    -0.00000    -0.00171     0.00000     0.00000     0.00000     0.00000     0.00000    -0.05813
   -17.26223    -0.07356    -0.00315    -0.00000    -0.00315     0.00000     0.00000     0.00000     0.00000     0.00000    -0.07985
   -17.06223    -0.09038    -0.00484    -0.00000    -0.00484     0.00000     0.00000     0.00000     0.00000     0.00000    -0.10007
   -16.86123    -0.10734    -0.00726    -0.00000    -0.00726     0.00000     0.00000     0.00000     0.00000     0.00000    -0.12186
   -16.66123    -0.12518    -0.01038    -0.00000    -0.01038     0.00000     0.00000     0.00000     0.00000     0.00000    -0.14595
   -16.46023    -0.13999    -0.01353    -0.00000    -0.01353     0.00000     0.00000     0.00000     0.00000     0.00000    -0.16706
   -16.25923    -0.15365    -0.01734    -0.00000    -0.01734     0.00000     0.00000     0.00000     0.00000     0.00000    -0.18832
   -16.05923    -0.16933    -0.02272    -0.00000    -0.02272     0.00000     0.00000     0.00000     0.00000     0.00000    -0.21477
   -15.85823    -0.18414    -0.02885    -0.00000    -0.02885     0.00000     0.00000     0.00000     0.00000     0.00000    -0.24183
   -15.65823    -0.19511    -0.03458    -0.00000    -0.03458     0.00000     0.00000     0.00000     0.00000     0.00000    -0.26426
   -15.45723    -0.20687    -0.04298    -0.00000    -0.04298     0.00000     0.00000     0.00000     0.00000     0.00000    -0.29283
   -15.25623    -0.21946    -0.05462    -0.00000    -0.05462     0.00000     0.00000     0.00000     0.00000     0.00000    -0.32870
   -15.05623    -0.22990    -0.06892    -0.00000    -0.06892     0.00000     0.00000     0.00000     0.00000     0.00000    -0.36775
   -14.85523    -0.23864    -0.08773    -0.00000    -0.08773     0.00000     0.00000     0.00000     0.00000     0.00000    -0.41410
   -14.65523    -0.24406    -0.10414    -0.00000    -0.10414     0.00000     0.00000     0.00000     0.00000     0.00000    -0.45235
   -14.45423    -0.24597    -0.11448    -0.00000    -0.11448     0.00000     0.00000     0.00000     0.00000     0.00000    -0.47493
   -14.25423    -0.24636    -0.11927    -0.00000    -0.11927     0.00000     0.00000     0.00000     0.00000     0.00000    -0.48491
   -14.05323    -0.24638    -0.11965    -0.00000    -0.11965     0.00000     0.00000     0.00000     0.00000     0.00000    -0.48568
   -13.85223    -0.24638    -0.11965    -0.00000    -0.11965     0.00000     0.00000     0.00000     0.00000     0.00000    -0.48569
   -13.65223    -0.24638    -0.11965    -0.00000    -0.11965     0.00000     0.00000     0.00000     0.00000     0.00000    -0.48569
   -13.45123    -0.24638    -0.11965    -0.00000    -0.11965     0.00000     0.00000     0.00000     0.00000     0.00000    -0.48569
   -13.25123    -0.24638    -0.11965    -0.00000    -0.11965     0.00000     0.00000     0.00000     0.00000     0.00000    -0.48569
   -13.05023    -0.24638    -0.11965    -0.00000    -0.11965     0.00000     0.00000     0.00000     0.00000     0.00000    -0.48569
   -12.84923    -0.24638    -0.11965    -0.00000    -0.11965     0.00000     0.00000     0.00000     0.00000     0.00000    -0.48569
   -12.64923    -0.24638    -0.11965    -0.00000    -0.11965     0.00000     0.00000     0.00000     0.00000     0.00000    -0.48569
   -12.44823    -0.24638    -0.11965    -0.00000    -0.11965     0.00000     0.00000     0.00000     0.00000     0.00000    -0.48569
   -12.24823    -0.24638    -0.11965    -0.00000    -0.11965     0.00000     0.00000     0.00000     0.00000     0.00000    -0.48569
   -12.04723    -0.24638    -0.11965    -0.00000    -0.11965     0.00000     0.00000     0.00000     0.00000     0.00000    -0.48569
   -11.84723    -0.24638    -0.11965    -0.00000    -0.11965     0.00000     0.00000     0.00000     0.00000     0.00000    -0.48569
   -11.64623    -0.24638    -0.11965    -0.00000    -0.11965     0.00000     0.00000     0.00000     0.00000     0.00000    -0.48569
   -11.44523    -0.24638    -0.11965    -0.00000    -0.11965     0.00000     0.00000     0.00000     0.00000     0.00000    -0.48569
   -11.24523    -0.24638    -0.11965    -0.00000    -0.11965     0.00000     0.00000     0.00000     0.00000     0.00000    -0.48569
   -11.04423    -0.24638    -0.11965    -0.00000    -0.11965     0.00000     0.00000     0.00000     0.00000     0.00000    -0.48569
   -10.84423    -0.24638    -0.11965    -0.00000    -0.11965     0.00000     0.00000     0.00000     0.00000     0.00000    -0.48569
   -10.64323    -0.24638    -0.11965    -0.00000    -0.11965     0.00000     0.00000     0.00000     0.00000     0.00000    -0.48569
   -10.44323    -0.24638    -0.11965    -0.00000    -0.11965     0.00000     0.00000     0.00000     0.00000     0.00000    -0.48569
   -10.24223    -0.24638    -0.11965    -0.00000    -0.11965     0.00000     0.00000     0.00000     0.00000     0.00000    -0.48569
   -10.04123    -0.24638    -0.11965    -0.00000    -0.11965     0.00000     0.00000     0.00000     0.00000     0.00000    -0.48569
    -9.84123    -0.24638    -0.11965    -0.00000    -0.11965     0.00000     0.00000     0.00000     0.00000     0.00000    -0.48569
    -9.64023    -0.24638    -0.11965    -0.00000    -0.11965     0.00000     0.00000     0.00000     0.00000     0.00000    -0.48569
    -9.44023    -0.24683    -0.11970    -0.00000    -0.11970     0.00000     0.00000     0.00000     0.00000     0.00000    -0.48624
    -9.23923    -0.26076    -0.12127    -0.00000    -0.12127     0.00000     0.00000     0.00000     0.00000     0.00000    -0.50330
    -9.03823    -0.28960    -0.12497    -0.00000    -0.12497     0.00000     0.00000     0.00000     0.00000     0.00000    -0.53955
    -8.83823    -0.32606    -0.13166    -0.00000    -0.13166     0.00000     0.00000     0.00000     0.00000     0.00000    -0.58939
    -8.63723    -0.36409    -0.14097    -0.00000    -0.14097     0.00000     0.00000     0.00000     0.00000     0.00000    -0.64603
    -8.43723    -0.39638    -0.15315    -0.00000    -0.15315     0.00000     0.00000     0.00000     0.00000     0.00000    -0.70268
    -8.23623    -0.42733    -0.16736    -0.00000    -0.16736     0.00000     0.00000     0.00000     0.00000     0.00000    -0.76205
    -8.03623    -0.45078    -0.17689    -0.00000    -0.17689     0.00000     0.00000     0.00000     0.00000     0.00000    -0.80457
    -7.83523    -0.46421    -0.18167    -0.00000    -0.18167     0.00000     0.00000     0.00000     0.00000     0.00000    -0.82756
    -7.63423    -0.48363    -0.18904    -0.00000    -0.18904     0.00000     0.00000     0.00000     0.00000     0.00000    -0.86171
    -7.43423    -0.50538    -0.19582    -0.00000    -0.19582     0.00000     0.00000     0.00000     0.00000     0.00000    -0.89704
    -7.23323    -0.52371    -0.20030    -0.00000    -0.20030     0.00000     0.00000     0.00000     0.00000     0.00000    -0.92431
    -7.03323    -0.54200    -0.20610    -0.00001    -0.20610     0.00000     0.00000     0.00000     0.00000     0.00000    -0.95420
    -6.83223    -0.56028    -0.21352    -0.00001    -0.21352     0.00000     0.00000     0.00000     0.00000     0.00000    -0.98732
    -6.63123    -0.57972    -0.22269    -0.00001    -0.22269     0.00000     0.00000     0.00000     0.00000     0.00000    -1.02511
    -6.43123    -0.59794    -0.23275    -0.00001    -0.23275     0.00000     0.00000     0.00000     0.00000     0.00000    -1.06345
    -6.23023    -0.61304    -0.24225    -0.00006    -0.24225     0.00000     0.00000     0.00000     0.00000     0.00000    -1.09760
    -6.03023    -0.62817    -0.25263    -0.00099    -0.25263     0.00000     0.00000     0.00000     0.00000     0.00000    -1.13442
    -5.82923    -0.64428    -0.26557    -0.00374    -0.26557     0.00000     0.00000     0.00000     0.00000     0.00000    -1.17917
    -5.62923    -0.65587    -0.27643    -0.00835    -0.27643     0.00000     0.00000     0.00000     0.00000     0.00000    -1.21707
    -5.42823    -0.66701    -0.28948    -0.01431    -0.28948     0.00000     0.00000     0.00000     0.00000     0.00000    -1.26027
    -5.22723    -0.68024    -0.30867    -0.02206    -0.30867     0.00000     0.00000     0.00000     0.00000     0.00000    -1.31964
    -5.02723    -0.69146    -0.32648    -0.03212    -0.32648     0.00000     0.00000     0.00000     0.00000     0.00000    -1.37653
    -4.82623    -0.70001    -0.34558    -0.04308    -0.34558     0.00000     0.00000     0.00000     0.00000     0.00000    -1.43425
    -4.62623    -0.70821    -0.37330    -0.05334    -0.37330     0.00000     0.00000     0.00000     0.00000     0.00000    -1.50815
    -4.42523    -0.71428    -0.40263    -0.06367    -0.40263     0.00000     0.00000     0.00000     0.00000     0.00000    -1.58321
    -4.22523    -0.71959    -0.43032    -0.07492    -0.43032     0.00000     0.00000     0.00000     0.00000     0.00000    -1.65514
    -4.02423    -0.72474    -0.45097    -0.08582    -0.45097     0.00000     0.00000     0.00000     0.00000     0.00000    -1.71250
    -3.82323    -0.72876    -0.46729    -0.09592    -0.46729     0.00000     0.00000     0.00000     0.00000     0.00000    -1.75925
    -3.62323    -0.73170    -0.48637    -0.10611    -0.48637     0.00000     0.00000     0.00000     0.00000     0.00000    -1.81054
    -3.42223    -0.73384    -0.50071    -0.11686    -0.50071     0.00000     0.00000     0.00000     0.00000     0.00000    -1.85212
    -3.22223    -0.73593    -0.51114    -0.12767    -0.51114     0.00000     0.00000     0.00000     0.00000     0.00000    -1.88588
    -3.02123    -0.73711    -0.52253    -0.13770    -0.52253     0.00000     0.00000     0.00000     0.00000     0.00000    -1.91988
    -2.82023    -0.73841    -0.53611    -0.14810    -0.53611     0.00000     0.00000     0.00000     0.00000     0.00000    -1.95872
    -2.62023    -0.73990    -0.54834    -0.15858    -0.54834     0.00000     0.00000     0.00000     0.00000     0.00000    -1.99515
    -2.41923    -0.74068    -0.55608    -0.16792    -0.55608     0.00000     0.00000     0.00000     0.00000     0.00000    -2.02076
    -2.21923    -0.74094    -0.56506    -0.17809    -0.56506     0.00000     0.00000     0.00000     0.00000     0.00000    -2.04914
    -2.01823    -0.74124    -0.57428    -0.18840    -0.57428     0.00000     0.00000     0.00000     0.00000     0.00000    -2.07820
    -1.81823    -0.74139    -0.58078    -0.19883    -0.58078     0.00000     0.00000     0.00000     0.00000     0.00000    -2.10178
    -1.61723    -0.74145    -0.58432    -0.21016    -0.58432     0.00000     0.00000     0.00000     0.00000     0.00000    -2.12024
    -1.41623    -0.74145    -0.58448    -0.22073    -0.58448     0.00000     0.00000     0.00000     0.00000     0.00000    -2.13114
    -1.21623    -0.74146    -0.58448    -0.23123    -0.58448     0.00000     0.00000     0.00000     0.00000     0.00000    -2.14164
    -1.01523    -0.74147    -0.58448    -0.24005    -0.58448     0.00000     0.00000     0.00000     0.00000     0.00000    -2.15048
    -0.81523    -0.74148    -0.58448    -0.24518    -0.58448     0.00000     0.00000     0.00000     0.00000     0.00000    -2.15561
    -0.61423    -0.74148    -0.58448    -0.24771    -0.58448     0.00000     0.00000     0.00000     0.00000     0.00000    -2.15815
    -0.41323    -0.74148    -0.58448    -0.24864    -0.58448     0.00000     0.00000     0.00000     0.00000     0.00000    -2.15908
    -0.21323    -0.74149    -0.58448    -0.24882    -0.58448     0.00000     0.00000     0.00000     0.00000     0.00000    -2.15926
    -0.01223    -0.74149    -0.58448    -0.24882    -0.58448     0.00000     0.00000     0.00000     0.00000     0.00000    -2.15926
     0.18777    -0.74149    -0.58448    -0.24882    -0.58448     0.00000     0.00000     0.00000     0.00000     0.00000    -2.15926
     0.38877    -0.74149    -0.58448    -0.24882    -0.58448     0.00000     0.00000     0.00000     0.00000     0.00000    -2.15926
     0.58877    -0.74149    -0.58448    -0.24882    -0.58448     0.00000     0.00000     0.00000     0.00000     0.00000    -2.15926
     0.78977    -0.74149    -0.58448    -0.24882    -0.58448     0.00000     0.00000     0.00000     0.00000     0.00000    -2.15926
     0.99077    -0.74149    -0.58448    -0.24882    -0.58448     0.00000     0.00000     0.00000     0.00000     0.00000    -2.15926
     1.19077    -0.74149    -0.58448    -0.24882    -0.58448     0.00000     0.00000     0.00000     0.00000     0.00000    -2.15926
     1.39177    -0.74149    -0.58448    -0.24882    -0.58448     0.00000     0.00000     0.00000     0.00000     0.00000    -2.15926
     1.59177    -0.74149    -0.58448    -0.24882    -0.58448     0.00000     0.00000     0.00000     0.00000     0.00000    -2.15926
     1.79277    -0.74149    -0.58448    -0.24882    -0.58448     0.00000     0.00000     0.00000     0.00000     0.00000    -2.15926
     1.99377    -0.74149    -0.58448    -0.24882    -0.58448     0.00000     0.00000     0.00000     0.00000     0.00000    -2.15926
     2.19377    -0.74149    -0.58448    -0.24882    -0.58448     0.00000     0.00000     0.00000     0.00000     0.00000    -2.15926
     2.39477    -0.74149    -0.58448    -0.24882    -0.58448     0.00000     0.00000     0.00000     0.00000     0.00000    -2.15926
     2.59477    -0.74149    -0.58448    -0.24882    -0.58448     0.00000     0.00000     0.00000     0.00000     0.00000    -2.15926
     2.79577    -0.74149    -0.58448    -0.24882    -0.58448     0.00000     0.00000     0.00000     0.00000     0.00000    -2.15926
     2.99577    -0.74149    -0.58448    -0.24882    -0.58448     0.00000     0.00000     0.00000     0.00000     0.00000    -2.15926
     3.19677    -0.74149    -0.58448    -0.24882    -0.58448     0.00000     0.00000     0.00000     0.00000     0.00000    -2.15926
     3.39777    -0.74149    -0.58448    -0.24882    -0.58448     0.00000     0.00000     0.00000     0.00000     0.00000    -2.15926
     3.59777    -0.74149    -0.58448    -0.24882    -0.58448     0.00000     0.00000     0.00000     0.00000     0.00000    -2.15926
     3.79877    -0.74149    -0.58448    -0.24884    -0.58448     0.00000     0.00000     0.00000     0.00000     0.00000    -2.15928
     3.99877    -0.74149    -0.58448    -0.25232    -0.58448     0.00000     0.00000     0.00000     0.00000     0.00000    -2.16276
     4.19977    -0.74149    -0.58448    -0.28473    -0.58448     0.00000     0.00000     0.00000     0.00000     0.00000    -2.19518
     4.39977    -0.74149    -0.58449    -0.34739    -0.58449     0.00000     0.00000     0.00000     0.00000     0.00000    -2.25786
     4.60077    -0.74149    -0.58450    -0.41525    -0.58450     0.00000     0.00000     0.00000     0.00000     0.00000    -2.32575
     4.80177    -0.74150    -0.58452    -0.47690    -0.58452     0.00000     0.00000     0.00000     0.00000     0.00000    -2.38745
     5.00177    -0.74150    -0.58454    -0.51793    -0.58454     0.00000     0.00000     0.00000     0.00000     0.00000    -2.42851
     5.20277    -0.74151    -0.58456    -0.54951    -0.58456     0.00000     0.00000     0.00000     0.00000     0.00000    -2.46014
     5.40277    -0.74152    -0.58459    -0.57795    -0.58459     0.00000     0.00000     0.00000     0.00000     0.00000    -2.48866
     5.60377    -0.74153    -0.58463    -0.60247    -0.58463     0.00000     0.00000     0.00000     0.00000     0.00000    -2.51326
     5.80477    -0.74154    -0.58468    -0.62968    -0.58468     0.00000     0.00000     0.00000     0.00000     0.00000    -2.54058
     6.00477    -0.74156    -0.58474    -0.65245    -0.58474     0.00000     0.00000     0.00000     0.00000     0.00000    -2.56349
     6.20577    -0.74159    -0.58481    -0.66894    -0.58481     0.00000     0.00000     0.00000     0.00000     0.00000    -2.58014
     6.40577    -0.74163    -0.58491    -0.68524    -0.58491     0.00000     0.00000     0.00000     0.00000     0.00000    -2.59668
     6.60677    -0.74170    -0.58503    -0.70018    -0.58503     0.00000     0.00000     0.00000     0.00000     0.00000    -2.61194
     6.80677    -0.74180    -0.58520    -0.71701    -0.58520     0.00000     0.00000     0.00000     0.00000     0.00000    -2.62920
     7.00777    -0.74191    -0.58538    -0.73457    -0.58538     0.00000     0.00000     0.00000     0.00000     0.00000    -2.64724
     7.20877    -0.74200    -0.58550    -0.74417    -0.58550     0.00000     0.00000     0.00000     0.00000     0.00000    -2.65717
     7.40877    -0.74208    -0.58559    -0.75125    -0.58559     0.00000     0.00000     0.00000     0.00000     0.00000    -2.66451
     7.60977    -0.74222    -0.58572    -0.75746    -0.58572     0.00000     0.00000     0.00000     0.00000     0.00000    -2.67114
     7.80977    -0.74246    -0.58588    -0.76293    -0.58588     0.00000     0.00000     0.00000     0.00000     0.00000    -2.67716
     8.01077    -0.74279    -0.58607    -0.76939    -0.58607     0.00000     0.00000     0.00000     0.00000     0.00000    -2.68434
     8.21177    -0.74326    -0.58631    -0.77623    -0.58631     0.00000     0.00000     0.00000     0.00000     0.00000    -2.69212
     8.41177    -0.74396    -0.58662    -0.78289    -0.58662     0.00000     0.00000     0.00000     0.00000     0.00000    -2.70009
     8.61277    -0.74489    -0.58699    -0.79051    -0.58699     0.00000     0.00000     0.00000     0.00000     0.00000    -2.70938
     8.81277    -0.74693    -0.58762    -0.79979    -0.58762     0.00000     0.00000     0.00000     0.00000     0.00000    -2.72196
     9.01377    -0.75123    -0.58874    -0.80937    -0.58874     0.00000     0.00000     0.00000     0.00000     0.00000    -2.73808
     9.21377    -0.75774    -0.59032    -0.81921    -0.59032     0.00000     0.00000     0.00000     0.00000     0.00000    -2.75760
     9.41477    -0.76847    -0.59287    -0.82923    -0.59287     0.00000     0.00000     0.00000     0.00000     0.00000    -2.78344
     9.61577    -0.78479    -0.59697    -0.83922    -0.59697     0.00000     0.00000     0.00000     0.00000     0.00000    -2.81796
     9.81577    -0.79950    -0.60149    -0.84935    -0.60149     0.00000     0.00000     0.00000     0.00000     0.00000    -2.85184
    10.01677    -0.81084    -0.60613    -0.85954    -0.60613     0.00000     0.00000     0.00000     0.00000     0.00000    -2.88264
    10.21677    -0.82083    -0.61113    -0.87131    -0.61113     0.00000     0.00000     0.00000     0.00000     0.00000    -2.91439
    10.41777    -0.82902    -0.61648    -0.88310    -0.61648     0.00000     0.00000     0.00000     0.00000     0.00000    -2.94509
    10.61777    -0.84477    -0.62712    -0.89235    -0.62712     0.00000     0.00000     0.00000     0.00000     0.00000    -2.99136
    10.81877    -0.86769    -0.64782    -0.90214    -0.64782     0.00000     0.00000     0.00000     0.00000     0.00000    -3.06547
    11.01977    -0.88596    -0.67654    -0.91295    -0.67654     0.00000     0.00000     0.00000     0.00000     0.00000    -3.15198
    11.21977    -0.89870    -0.70393    -0.92467    -0.70393     0.00000     0.00000     0.00000     0.00000     0.00000    -3.23122
    11.42077    -0.91035    -0.72438    -0.94159    -0.72438     0.00000     0.00000     0.00000     0.00000     0.00000    -3.30070
    11.62077    -0.92664    -0.74368    -0.95964    -0.74368     0.00000     0.00000     0.00000     0.00000     0.00000    -3.37363
    11.82177    -0.94109    -0.75674    -0.97443    -0.75674     0.00000     0.00000     0.00000     0.00000     0.00000    -3.42899
    12.02277    -0.94742    -0.76515    -0.98874    -0.76515     0.00000     0.00000     0.00000     0.00000     0.00000    -3.46646
    12.22277    -0.95572    -0.77754    -1.00400    -0.77754     0.00000     0.00000     0.00000     0.00000     0.00000    -3.51481
    12.42377    -0.96596    -0.78806    -1.01919    -0.78806     0.00000     0.00000     0.00000     0.00000     0.00000    -3.56127
    12.62377    -0.97384    -0.79565    -1.03116    -0.79565     0.00000     0.00000     0.00000     0.00000     0.00000    -3.59631
    12.82477    -0.98342    -0.80504    -1.04144    -0.80504     0.00000     0.00000     0.00000     0.00000     0.00000    -3.63495
    13.02477    -0.99681    -0.81560    -1.05152    -0.81560     0.00000     0.00000     0.00000     0.00000     0.00000    -3.67952
    13.22577    -1.00738    -0.82212    -1.05894    -0.82212     0.00000     0.00000     0.00000     0.00000     0.00000    -3.71055
    13.42677    -1.01322    -0.82610    -1.06509    -0.82610     0.00000     0.00000     0.00000     0.00000     0.00000    -3.73051
    13.62677    -1.02072    -0.83318    -1.07336    -0.83318     0.00000     0.00000     0.00000     0.00000     0.00000    -3.76044
    13.82777    -1.03278    -0.84165    -1.08597    -0.84165     0.00000     0.00000     0.00000     0.00000     0.00000    -3.80205
    14.02777    -1.04506    -0.84873    -1.10118    -0.84873     0.00000     0.00000     0.00000     0.00000     0.00000    -3.84369
    14.22877    -1.05817    -0.85898    -1.11336    -0.85898     0.00000     0.00000     0.00000     0.00000     0.00000    -3.88949
    14.42977    -1.07496    -0.87387    -1.12081    -0.87387     0.00000     0.00000     0.00000     0.00000     0.00000    -3.94351
    14.62977    -1.08995    -0.88946    -1.12638    -0.88946     0.00000     0.00000     0.00000     0.00000     0.00000    -3.99525
    14.83077    -1.10051    -0.90105    -1.13150    -0.90105     0.00000     0.00000     0.00000     0.00000     0.00000    -4.03411
    15.03077    -1.10788    -0.90950    -1.13647    -0.90950     0.00000     0.00000     0.00000     0.00000     0.00000    -4.06336
    15.23177    -1.11450    -0.91793    -1.14134    -0.91793     0.00000     0.00000     0.00000     0.00000     0.00000    -4.09171
    15.43177    -1.12272    -0.92577    -1.14614    -0.92577     0.00000     0.00000     0.00000     0.00000     0.00000    -4.12041
    15.63277    -1.13214    -0.93335    -1.15040    -0.93335     0.00000     0.00000     0.00000     0.00000     0.00000    -4.14924
    15.83377    -1.14020    -0.94209    -1.15463    -0.94209     0.00000     0.00000     0.00000     0.00000     0.00000    -4.17902
    16.03377    -1.14888    -0.95344    -1.15931    -0.95344     0.00000     0.00000     0.00000     0.00000     0.00000    -4.21506
    16.23477    -1.15873    -0.96560    -1.16427    -0.96560     0.00000     0.00000     0.00000     0.00000     0.00000    -4.25419
    16.43477    -1.16719    -0.97550    -1.16875    -0.97550     0.00000     0.00000     0.00000     0.00000     0.00000    -4.28692
    16.63577    -1.17405    -0.98442    -1.17286    -0.98442     0.00000     0.00000     0.00000     0.00000     0.00000    -4.31575
    16.83577    -1.17974    -0.99457    -1.17704    -0.99457     0.00000     0.00000     0.00000     0.00000     0.00000    -4.34592
    17.03677    -1.18564    -1.00305    -1.18074    -1.00305     0.00000     0.00000     0.00000     0.00000     0.00000    -4.37248
    17.23777    -1.19229    -1.00922    -1.18422    -1.00922     0.00000     0.00000     0.00000     0.00000     0.00000    -4.39497
    17.43777    -1.19986    -1.01639    -1.18712    -1.01639     0.00000     0.00000     0.00000     0.00000     0.00000    -4.41976
    17.63877    -1.20764    -1.02330    -1.19001    -1.02330     0.00000     0.00000     0.00000     0.00000     0.00000    -4.44426
    17.83877    -1.21451    -1.03052    -1.19341    -1.03052     0.00000     0.00000     0.00000     0.00000     0.00000    -4.46897
    18.03977    -1.22144    -1.03966    -1.19650    -1.03966     0.00000     0.00000     0.00000     0.00000     0.00000    -4.49726
    18.24077    -1.22881    -1.04909    -1.19954    -1.04909     0.00000     0.00000     0.00000     0.00000     0.00000    -4.52652
    18.44077    -1.23664    -1.05922    -1.20271    -1.05922     0.00000     0.00000     0.00000     0.00000     0.00000    -4.55777
    18.64177    -1.24606    -1.07146    -1.20622    -1.07146     0.00000     0.00000     0.00000     0.00000     0.00000    -4.59519
    18.84177    -1.25788    -1.08641    -1.21037    -1.08641     0.00000     0.00000     0.00000     0.00000     0.00000    -4.64107
    19.04277    -1.27027    -1.10329    -1.21593    -1.10329     0.00000     0.00000     0.00000     0.00000     0.00000    -4.69277
    19.24277    -1.28062    -1.12064    -1.22233    -1.12064     0.00000     0.00000     0.00000     0.00000     0.00000    -4.74422
    19.44377    -1.28824    -1.13553    -1.22828    -1.13553     0.00000     0.00000     0.00000     0.00000     0.00000    -4.78758
    19.64477    -1.29390    -1.14904    -1.23474    -1.14904     0.00000     0.00000     0.00000     0.00000     0.00000    -4.82672
    19.84477    -1.29880    -1.16293    -1.24102    -1.16293     0.00000     0.00000     0.00000     0.00000     0.00000    -4.86567
    20.04577    -1.30367    -1.17629    -1.24670    -1.17629     0.00000     0.00000     0.00000     0.00000     0.00000    -4.90296
    20.24577    -1.30815    -1.18635    -1.25284    -1.18635     0.00000     0.00000     0.00000     0.00000     0.00000    -4.93370
    20.44677    -1.31133    -1.19500    -1.25880    -1.19500     0.00000     0.00000     0.00000     0.00000     0.00000    -4.96012
    20.64777    -1.31394    -1.20672    -1.26398    -1.20672     0.00000     0.00000     0.00000     0.00000     0.00000    -4.99136
    20.84777    -1.31618    -1.21875    -1.26890    -1.21875     0.00000     0.00000     0.00000     0.00000     0.00000    -5.02258
    21.04877    -1.31836    -1.23133    -1.27427    -1.23133     0.00000     0.00000     0.00000     0.00000     0.00000    -5.05529
    21.24877    -1.32056    -1.24024    -1.27932    -1.24024     0.00000     0.00000     0.00000     0.00000     0.00000    -5.08035
    21.44977    -1.32242    -1.24307    -1.28384    -1.24307     0.00000     0.00000     0.00000     0.00000     0.00000    -5.09240
    21.64977    -1.32408    -1.24495    -1.28848    -1.24495     0.00000     0.00000     0.00000     0.00000     0.00000    -5.10246
    21.85077    -1.32569    -1.24685    -1.29275    -1.24685     0.00000     0.00000     0.00000     0.00000     0.00000    -5.11215
    22.05177    -1.32707    -1.24905    -1.29617    -1.24905     0.00000     0.00000     0.00000     0.00000     0.00000    -5.12134
    22.25177    -1.32828    -1.25248    -1.29964    -1.25248     0.00000     0.00000     0.00000     0.00000     0.00000    -5.13289
    22.45277    -1.32951    -1.25642    -1.30379    -1.25642     0.00000     0.00000     0.00000     0.00000     0.00000    -5.14613
    22.65277    -1.33105    -1.25976    -1.30765    -1.25976     0.00000     0.00000     0.00000     0.00000     0.00000    -5.15821
    22.85377    -1.33388    -1.26363    -1.31070    -1.26363     0.00000     0.00000     0.00000     0.00000     0.00000    -5.17184
    23.05377    -1.33876    -1.26848    -1.31315    -1.26848     0.00000     0.00000     0.00000     0.00000     0.00000    -5.18887
    23.25477    -1.34422    -1.27355    -1.31501    -1.27355     0.00000     0.00000     0.00000     0.00000     0.00000    -5.20633
    23.45577    -1.34874    -1.27883    -1.31707    -1.27883     0.00000     0.00000     0.00000     0.00000     0.00000    -5.22348
    23.65577    -1.35322    -1.28512    -1.32023    -1.28512     0.00000     0.00000     0.00000     0.00000     0.00000    -5.24370
    23.85677    -1.35765    -1.29156    -1.32348    -1.29156     0.00000     0.00000     0.00000     0.00000     0.00000    -5.26425
    24.05677    -1.36138    -1.29726    -1.32646    -1.29726     0.00000     0.00000     0.00000     0.00000     0.00000    -5.28236
    24.25777    -1.36623    -1.30363    -1.33006    -1.30363     0.00000     0.00000     0.00000     0.00000     0.00000    -5.30355
    24.45877    -1.37260    -1.31117    -1.33470    -1.31117     0.00000     0.00000     0.00000     0.00000     0.00000    -5.32964
    24.65877    -1.38157    -1.32086    -1.34003    -1.32086     0.00000     0.00000     0.00000     0.00000     0.00000    -5.36333
    24.85977    -1.39196    -1.33047    -1.34486    -1.33047     0.00000     0.00000     0.00000     0.00000     0.00000    -5.39776
    25.05977    -1.40164    -1.33800    -1.34870    -1.33800     0.00000     0.00000     0.00000     0.00000     0.00000    -5.42634
    25.26077    -1.41379    -1.34584    -1.35188    -1.34584     0.00000     0.00000     0.00000     0.00000     0.00000    -5.45734
    25.46077    -1.42698    -1.35331    -1.35477    -1.35331     0.00000     0.00000     0.00000     0.00000     0.00000    -5.48837
    25.66177    -1.43624    -1.35805    -1.35720    -1.35805     0.00000     0.00000     0.00000     0.00000     0.00000    -5.50953
    25.86277    -1.44359    -1.36190    -1.35993    -1.36190     0.00000     0.00000     0.00000     0.00000     0.00000    -5.52732
    26.06277    -1.45324    -1.36818    -1.36389    -1.36818     0.00000     0.00000     0.00000     0.00000     0.00000    -5.55348
    26.26377    -1.46339    -1.37702    -1.36882    -1.37702     0.00000     0.00000     0.00000     0.00000     0.00000    -5.58626
    26.46377    -1.47186    -1.38705    -1.37499    -1.38705     0.00000     0.00000     0.00000     0.00000     0.00000    -5.62095
    26.66477    -1.47954    -1.40122    -1.38260    -1.40122     0.00000     0.00000     0.00000     0.00000     0.00000    -5.66459
    26.86577    -1.48659    -1.42497    -1.39188    -1.42497     0.00000     0.00000     0.00000     0.00000     0.00000    -5.72842
    27.06577    -1.49276    -1.45583    -1.40176    -1.45583     0.00000     0.00000     0.00000     0.00000     0.00000    -5.80617
    27.26677    -1.49855    -1.48484    -1.40959    -1.48484     0.00000     0.00000     0.00000     0.00000     0.00000    -5.87783
    27.46677    -1.50385    -1.50712    -1.41536    -1.50712     0.00000     0.00000     0.00000     0.00000     0.00000    -5.93345
    27.66777    -1.50955    -1.52798    -1.42112    -1.52798     0.00000     0.00000     0.00000     0.00000     0.00000    -5.98663
    27.86777    -1.51609    -1.54953    -1.42780    -1.54953     0.00000     0.00000     0.00000     0.00000     0.00000    -6.04295
    28.06877    -1.52269    -1.56983    -1.43509    -1.56983     0.00000     0.00000     0.00000     0.00000     0.00000    -6.09743
    28.26977    -1.52972    -1.59005    -1.44337    -1.59005     0.00000     0.00000     0.00000     0.00000     0.00000    -6.15319
    28.46977    -1.53555    -1.60443    -1.45234    -1.60443     0.00000     0.00000     0.00000     0.00000     0.00000    -6.19677
    28.67077    -1.53913    -1.61332    -1.46215    -1.61332     0.00000     0.00000     0.00000     0.00000     0.00000    -6.22791
    28.87077    -1.54233    -1.62301    -1.47196    -1.62301     0.00000     0.00000     0.00000     0.00000     0.00000    -6.26031
    29.07177    -1.54592    -1.63313    -1.48027    -1.63313     0.00000     0.00000     0.00000     0.00000     0.00000    -6.29244
    29.27177    -1.54973    -1.64238    -1.48747    -1.64238     0.00000     0.00000     0.00000     0.00000     0.00000    -6.32197
    29.47277    -1.55336    -1.64921    -1.49445    -1.64921     0.00000     0.00000     0.00000     0.00000     0.00000    -6.34624
    29.67377    -1.55711    -1.65422    -1.50210    -1.65422     0.00000     0.00000     0.00000     0.00000     0.00000    -6.36764
    29.87377    -1.56022    -1.65850    -1.51001    -1.65850     0.00000     0.00000     0.00000     0.00000     0.00000    -6.38722
    30.07477    -1.56276    -1.66248    -1.51758    -1.66248     0.00000     0.00000     0.00000     0.00000     0.00000    -6.40530
    30.27477    -1.56595    -1.66696    -1.52342    -1.66696     0.00000     0.00000     0.00000     0.00000     0.00000    -6.42329
    30.47577    -1.56908    -1.67134    -1.52735    -1.67134     0.00000     0.00000     0.00000     0.00000     0.00000    -6.43910
    30.67677    -1.57177    -1.67541    -1.53068    -1.67541     0.00000     0.00000     0.00000     0.00000     0.00000    -6.45327
    30.87677    -1.57436    -1.67898    -1.53336    -1.67898     0.00000     0.00000     0.00000     0.00000     0.00000    -6.46568
    31.07777    -1.57679    -1.68207    -1.53590    -1.68207     0.00000     0.00000     0.00000     0.00000     0.00000    -6.47683
    31.27777    -1.57885    -1.68494    -1.53858    -1.68494     0.00000     0.00000     0.00000     0.00000     0.00000    -6.48732
    31.47877    -1.58066    -1.68740    -1.54068    -1.68740     0.00000     0.00000     0.00000     0.00000     0.00000    -6.49614
    31.67877    -1.58239    -1.68950    -1.54244    -1.68950     0.00000     0.00000     0.00000     0.00000     0.00000    -6.50383
    31.87977    -1.58403    -1.69129    -1.54427    -1.69129     0.00000     0.00000     0.00000     0.00000     0.00000    -6.51088
    32.08077    -1.58589    -1.69300    -1.54643    -1.69300     0.00000     0.00000     0.00000     0.00000     0.00000    -6.51833
    32.28077    -1.58800    -1.69461    -1.54910    -1.69461     0.00000     0.00000     0.00000     0.00000     0.00000    -6.52632
    32.48177    -1.59008    -1.69601    -1.55170    -1.69601     0.00000     0.00000     0.00000     0.00000     0.00000    -6.53380
    32.68177    -1.59195    -1.69736    -1.55436    -1.69736     0.00000     0.00000     0.00000     0.00000     0.00000    -6.54102
    32.88277    -1.59346    -1.69864    -1.55702    -1.69864     0.00000     0.00000     0.00000     0.00000     0.00000    -6.54776
    33.08377    -1.59475    -1.69979    -1.55964    -1.69979     0.00000     0.00000     0.00000     0.00000     0.00000    -6.55396
    33.28377    -1.59618    -1.70097    -1.56256    -1.70097     0.00000     0.00000     0.00000     0.00000     0.00000    -6.56068
    33.48477    -1.59753    -1.70208    -1.56533    -1.70208     0.00000     0.00000     0.00000     0.00000     0.00000    -6.56701
    33.68477    -1.59849    -1.70292    -1.56785    -1.70292     0.00000     0.00000     0.00000     0.00000     0.00000    -6.57217
    33.88577    -1.59931    -1.70360    -1.56977    -1.70360     0.00000     0.00000     0.00000     0.00000     0.00000    -6.57627
    34.08577    -1.60010    -1.70418    -1.57118    -1.70418     0.00000     0.00000     0.00000     0.00000     0.00000    -6.57964
    34.28677    -1.60115    -1.70472    -1.57276    -1.70472     0.00000     0.00000     0.00000     0.00000     0.00000    -6.58336
    34.48777    -1.60243    -1.70519    -1.57432    -1.70519     0.00000     0.00000     0.00000     0.00000     0.00000    -6.58713
    34.68777    -1.60321    -1.70543    -1.57520    -1.70543     0.00000     0.00000     0.00000     0.00000     0.00000    -6.58927
    34.88877    -1.60340    -1.70551    -1.57551    -1.70551     0.00000     0.00000     0.00000     0.00000     0.00000    -6.58993
    35.08877    -1.60346    -1.70554    -1.57565    -1.70554     0.00000     0.00000     0.00000     0.00000     0.00000    -6.59019
    35.28977    -1.60350    -1.70556    -1.57572    -1.70556     0.00000     0.00000     0.00000     0.00000     0.00000    -6.59035
    35.48977    -1.60353    -1.70558    -1.57577    -1.70558     0.00000     0.00000     0.00000     0.00000     0.00000    -6.59047
    35.69077    -1.60355    -1.70561    -1.57581    -1.70561     0.00000     0.00000     0.00000     0.00000     0.00000    -6.59058
    35.89177    -1.60357    -1.70563    -1.57596    -1.70563     0.00000     0.00000     0.00000     0.00000     0.00000    -6.59078
    36.09177    -1.60358    -1.70564    -1.57623    -1.70564     0.00000     0.00000     0.00000     0.00000     0.00000    -6.59108
    36.29277    -1.60360    -1.70564    -1.57673    -1.70564     0.00000     0.00000     0.00000     0.00000     0.00000    -6.59161
    36.49277    -1.60364    -1.70565    -1.57719    -1.70565     0.00000     0.00000     0.00000     0.00000     0.00000    -6.59214
    36.69377    -1.60368    -1.70566    -1.57737    -1.70566     0.00000     0.00000     0.00000     0.00000     0.00000    -6.59236
    36.89477    -1.60369    -1.70567    -1.57741    -1.70567     0.00000     0.00000     0.00000     0.00000     0.00000    -6.59243
    37.09477    -1.60369    -1.70567    -1.57741    -1.70567     0.00000     0.00000     0.00000     0.00000     0.00000    -6.59244
    37.29577    -1.60369    -1.70567    -1.57741    -1.70567     0.00000     0.00000     0.00000     0.00000     0.00000    -6.59244
    37.49577    -1.60369    -1.70567    -1.57741    -1.70567     0.00000     0.00000     0.00000     0.00000     0.00000    -6.59244
    37.69677    -1.60369    -1.70567    -1.57741    -1.70567     0.00000     0.00000     0.00000     0.00000     0.00000    -6.59244
    37.89677    -1.60369    -1.70567    -1.57741    -1.70567     0.00000     0.00000     0.00000     0.00000     0.00000    -6.59244
    38.09777    -1.60369    -1.70567    -1.57741    -1.70567     0.00000     0.00000     0.00000     0.00000     0.00000    -6.59244
    38.29877    -1.60369    -1.70567    -1.57741    -1.70567     0.00000     0.00000     0.00000     0.00000     0.00000    -6.59244
    38.49877    -1.60369    -1.70567    -1.57741    -1.70567     0.00000     0.00000     0.00000     0.00000     0.00000    -6.59244
    38.69977    -1.60369    -1.70567    -1.57741    -1.70567     0.00000     0.00000     0.00000     0.00000     0.00000    -6.59244
    38.89977    -1.60369    -1.70567    -1.57741    -1.70567     0.00000     0.00000     0.00000     0.00000     0.00000    -6.59244
    39.10077    -1.60369    -1.70567    -1.57741    -1.70567     0.00000     0.00000     0.00000     0.00000     0.00000    -6.59244
    39.30177    -1.60369    -1.70567    -1.57741    -1.70567     0.00000     0.00000     0.00000     0.00000     0.00000    -6.59244
