     #Energy           s          py          pz          px         dxy         dyz         dz2         dxz         dx2       tot  
   -20.87323     0.00000     0.00000     0.00000     0.00000     0.00000     0.00000     0.00000     0.00000     0.00000     0.00000
   -20.67223     0.00000     0.00000     0.00000     0.00000     0.00000     0.00000     0.00000     0.00000     0.00000     0.00000
   -20.47223     0.00000     0.00000     0.00000     0.00000     0.00000     0.00000     0.00000     0.00000     0.00000     0.00000
   -20.27123     0.00000     0.00000     0.00000     0.00000     0.00000     0.00000     0.00000     0.00000     0.00000     0.00000
   -20.07023     0.00000     0.00000     0.00000     0.00000     0.00000     0.00000     0.00000     0.00000     0.00000     0.00000
   -19.87023     0.00000     0.00000     0.00000     0.00000     0.00000     0.00000     0.00000     0.00000     0.00000     0.00000
   -19.66923     0.00000     0.00000     0.00000     0.00000     0.00000     0.00000     0.00000     0.00000     0.00000     0.00000
   -19.46923     0.00000     0.00000     0.00000     0.00000     0.00000     0.00000     0.00000     0.00000     0.00000     0.00000
   -19.26823     0.00000     0.00000     0.00000     0.00000     0.00000     0.00000     0.00000     0.00000     0.00000     0.00000
   -19.06723     0.00000     0.00000     0.00000     0.00000     0.00000     0.00000     0.00000     0.00000     0.00000     0.00000
   -18.86723     0.00000     0.00000     0.00000     0.00000     0.00000     0.00000     0.00000     0.00000     0.00000     0.00000
   -18.66623    -0.00000    -0.00000    -0.00000    -0.00000     0.00000     0.00000     0.00000     0.00000     0.00000    -0.00000
   -18.46623    -0.00000    -0.00000    -0.00000    -0.00000     0.00000     0.00000     0.00000     0.00000     0.00000    -0.00000
   -18.26523    -0.00099    -0.00000    -0.00000    -0.00000     0.00000     0.00000     0.00000     0.00000     0.00000    -0.00099
   -18.06523    -0.06930    -0.00005    -0.00000    -0.00005     0.00000     0.00000     0.00000     0.00000     0.00000    -0.06940
   -17.86423    -0.18818    -0.00041    -0.00000    -0.00041     0.00000     0.00000     0.00000     0.00000     0.00000    -0.18901
   -17.66323    -0.19270    -0.00078    -0.00000    -0.00078     0.00000     0.00000     0.00000     0.00000     0.00000    -0.19427
   -17.46323    -0.20520    -0.00136    -0.00000    -0.00136     0.00000     0.00000     0.00000     0.00000     0.00000    -0.20792
   -17.26223    -0.21600    -0.00172    -0.00000    -0.00172     0.00000     0.00000     0.00000     0.00000     0.00000    -0.21944
   -17.06223    -0.18014    -0.00176    -0.00000    -0.00176     0.00000     0.00000     0.00000     0.00000     0.00000    -0.18367
   -16.86123    -0.25460    -0.00291    -0.00000    -0.00291     0.00000     0.00000     0.00000     0.00000     0.00000    -0.26041
   -16.66123    -0.23280    -0.00282    -0.00000    -0.00282     0.00000     0.00000     0.00000     0.00000     0.00000    -0.23845
   -16.46023    -0.20120    -0.00261    -0.00000    -0.00261     0.00000     0.00000     0.00000     0.00000     0.00000    -0.20642
   -16.25923    -0.24740    -0.00335    -0.00000    -0.00335     0.00000     0.00000     0.00000     0.00000     0.00000    -0.25410
   -16.05923    -0.32400    -0.00440    -0.00000    -0.00440     0.00000     0.00000     0.00000     0.00000     0.00000    -0.33279
   -15.85823    -0.27480    -0.00352    -0.00000    -0.00352     0.00000     0.00000     0.00000     0.00000     0.00000    -0.28184
   -15.65823    -0.23720    -0.00287    -0.00000    -0.00287     0.00000     0.00000     0.00000     0.00000     0.00000    -0.24294
   -15.45723    -0.44500    -0.00478    -0.00000    -0.00478     0.00000     0.00000     0.00000     0.00000     0.00000    -0.45456
   -15.25623    -0.44360    -0.00367    -0.00000    -0.00367     0.00000     0.00000     0.00000     0.00000     0.00000    -0.45094
   -15.05623    -0.57480    -0.00293    -0.00000    -0.00293     0.00000     0.00000     0.00000     0.00000     0.00000    -0.58066
   -14.85523    -0.69900    -0.00244    -0.00000    -0.00244     0.00000     0.00000     0.00000     0.00000     0.00000    -0.70388
   -14.65523    -0.39080    -0.00120    -0.00000    -0.00120     0.00000     0.00000     0.00000     0.00000     0.00000    -0.39320
   -14.45423    -0.28460    -0.00033    -0.00000    -0.00033     0.00000     0.00000     0.00000     0.00000     0.00000    -0.28526
   -14.25423    -0.02446    -0.00002    -0.00000    -0.00002     0.00000     0.00000     0.00000     0.00000     0.00000    -0.02449
   -14.05323    -0.00001    -0.00000    -0.00000    -0.00000     0.00000     0.00000     0.00000     0.00000     0.00000    -0.00001
   -13.85223    -0.00000    -0.00000    -0.00000    -0.00000     0.00000     0.00000     0.00000     0.00000     0.00000    -0.00000
   -13.65223     0.00000     0.00000     0.00000     0.00000     0.00000     0.00000     0.00000     0.00000     0.00000     0.00000
   -13.45123     0.00000     0.00000     0.00000     0.00000     0.00000     0.00000     0.00000     0.00000     0.00000     0.00000
   -13.25123     0.00000     0.00000     0.00000     0.00000     0.00000     0.00000     0.00000     0.00000     0.00000     0.00000
   -13.05023     0.00000     0.00000     0.00000     0.00000     0.00000     0.00000     0.00000     0.00000     0.00000     0.00000
   -12.84923     0.00000     0.00000     0.00000     0.00000     0.00000     0.00000     0.00000     0.00000     0.00000     0.00000
   -12.64923     0.00000     0.00000     0.00000     0.00000     0.00000     0.00000     0.00000     0.00000     0.00000     0.00000
   -12.44823     0.00000     0.00000     0.00000     0.00000     0.00000     0.00000     0.00000     0.00000     0.00000     0.00000
   -12.24823     0.00000     0.00000     0.00000     0.00000     0.00000     0.00000     0.00000     0.00000     0.00000     0.00000
   -12.04723     0.00000     0.00000     0.00000     0.00000     0.00000     0.00000     0.00000     0.00000     0.00000     0.00000
   -11.84723     0.00000     0.00000     0.00000     0.00000     0.00000     0.00000     0.00000     0.00000     0.00000     0.00000
   -11.64623     0.00000     0.00000     0.00000     0.00000     0.00000     0.00000     0.00000     0.00000     0.00000     0.00000
   -11.44523     0.00000     0.00000     0.00000     0.00000     0.00000     0.00000     0.00000     0.00000     0.00000     0.00000
   -11.24523     0.00000     0.00000     0.00000     0.00000     0.00000     0.00000     0.00000     0.00000     0.00000     0.00000
   -11.04423     0.00000     0.00000     0.00000     0.00000     0.00000     0.00000     0.00000     0.00000     0.00000     0.00000
   -10.84423     0.00000     0.00000     0.00000     0.00000     0.00000     0.00000     0.00000     0.00000     0.00000     0.00000
   -10.64323     0.00000     0.00000     0.00000     0.00000     0.00000     0.00000     0.00000     0.00000     0.00000     0.00000
   -10.44323     0.00000     0.00000     0.00000     0.00000     0.00000     0.00000     0.00000     0.00000     0.00000     0.00000
   -10.24223     0.00000     0.00000     0.00000     0.00000     0.00000     0.00000     0.00000     0.00000     0.00000     0.00000
   -10.04123     0.00000     0.00000     0.00000     0.00000     0.00000     0.00000     0.00000     0.00000     0.00000     0.00000
    -9.84123    -0.00000    -0.00000    -0.00000    -0.00000     0.00000     0.00000     0.00000     0.00000     0.00000    -0.00000
    -9.64023    -0.00000    -0.00000    -0.00000    -0.00000     0.00000     0.00000     0.00000     0.00000     0.00000    -0.00000
    -9.44023    -0.00006    -0.00269    -0.00000    -0.00269     0.00000     0.00000     0.00000     0.00000     0.00000    -0.00544
    -9.23923    -0.00198    -0.08078    -0.00000    -0.08078     0.00000     0.00000     0.00000     0.00000     0.00000    -0.16355
    -9.03823    -0.00436    -0.09750    -0.00001    -0.09750     0.00000     0.00000     0.00000     0.00000     0.00000    -0.19936
    -8.83823    -0.01046    -0.15210    -0.00001    -0.15210     0.00000     0.00000     0.00000     0.00000     0.00000    -0.31466
    -8.63723    -0.01175    -0.13656    -0.00001    -0.13656     0.00000     0.00000     0.00000     0.00000     0.00000    -0.28488
    -8.43723    -0.01669    -0.16120    -0.00001    -0.16120     0.00000     0.00000     0.00000     0.00000     0.00000    -0.33910
    -8.23623    -0.02448    -0.15756    -0.00001    -0.15756     0.00000     0.00000     0.00000     0.00000     0.00000    -0.33961
    -8.03623    -0.01620    -0.07182    -0.00000    -0.07182     0.00000     0.00000     0.00000     0.00000     0.00000    -0.15985
    -7.83523    -0.01387    -0.05372    -0.00000    -0.05372     0.00000     0.00000     0.00000     0.00000     0.00000    -0.12131
    -7.63423    -0.03850    -0.13714    -0.00001    -0.13714     0.00000     0.00000     0.00000     0.00000     0.00000    -0.31279
    -7.43423    -0.00598    -0.05526    -0.00000    -0.05526     0.00000     0.00000     0.00000     0.00000     0.00000    -0.11650
    -7.23323    -0.01782    -0.08892    -0.00001    -0.08892     0.00000     0.00000     0.00000     0.00000     0.00000    -0.19567
    -7.03323    -0.01162    -0.07386    -0.00001    -0.07386     0.00000     0.00000     0.00000     0.00000     0.00000    -0.15935
    -6.83223    -0.03028    -0.11490    -0.00002    -0.11490     0.00000     0.00000     0.00000     0.00000     0.00000    -0.26010
    -6.63123    -0.01765    -0.10452    -0.00001    -0.10452     0.00000     0.00000     0.00000     0.00000     0.00000    -0.22671
    -6.43123    -0.01399    -0.11618    -0.00002    -0.11618     0.00000     0.00000     0.00000     0.00000     0.00000    -0.24637
    -6.23023    -0.00672    -0.08066    -0.00078    -0.08066     0.00000     0.00000     0.00000     0.00000     0.00000    -0.16882
    -6.03023    -0.02808    -0.13680    -0.01413    -0.13680     0.00000     0.00000     0.00000     0.00000     0.00000    -0.31581
    -5.82923    -0.00820    -0.12086    -0.03034    -0.12086     0.00000     0.00000     0.00000     0.00000     0.00000    -0.28026
    -5.62923    -0.01287    -0.08482    -0.04558    -0.08482     0.00000     0.00000     0.00000     0.00000     0.00000    -0.22809
    -5.42823    -0.01397    -0.15496    -0.05418    -0.15496     0.00000     0.00000     0.00000     0.00000     0.00000    -0.37807
    -5.22723    -0.01887    -0.18340    -0.07870    -0.18340     0.00000     0.00000     0.00000     0.00000     0.00000    -0.46437
    -5.02723    -0.01498    -0.13158    -0.09730    -0.13158     0.00000     0.00000     0.00000     0.00000     0.00000    -0.37544
    -4.82623    -0.00341    -0.18648    -0.09860    -0.18648     0.00000     0.00000     0.00000     0.00000     0.00000    -0.47497
    -4.62623    -0.01301    -0.25780    -0.09000    -0.25780     0.00000     0.00000     0.00000     0.00000     0.00000    -0.61861
    -4.42523    -0.00538    -0.20860    -0.10660    -0.20860     0.00000     0.00000     0.00000     0.00000     0.00000    -0.52918
    -4.22523    -0.01112    -0.23940    -0.11490    -0.23940     0.00000     0.00000     0.00000     0.00000     0.00000    -0.60482
    -4.02423    -0.00938    -0.11366    -0.10704    -0.11366     0.00000     0.00000     0.00000     0.00000     0.00000    -0.34374
    -3.82323    -0.00774    -0.17488    -0.10626    -0.17488     0.00000     0.00000     0.00000     0.00000     0.00000    -0.46376
    -3.62323    -0.00062    -0.15006    -0.11780    -0.15006     0.00000     0.00000     0.00000     0.00000     0.00000    -0.41854
    -3.42223    -0.00775    -0.10276    -0.13022    -0.10276     0.00000     0.00000     0.00000     0.00000     0.00000    -0.34349
    -3.22223    -0.00287    -0.09372    -0.13194    -0.09372     0.00000     0.00000     0.00000     0.00000     0.00000    -0.32225
    -3.02123    -0.00251    -0.11676    -0.12464    -0.11676     0.00000     0.00000     0.00000     0.00000     0.00000    -0.36067
    -2.82023    -0.00362    -0.14132    -0.15804    -0.14132     0.00000     0.00000     0.00000     0.00000     0.00000    -0.44430
    -2.62023    -0.00482    -0.10192    -0.14062    -0.10192     0.00000     0.00000     0.00000     0.00000     0.00000    -0.34928
    -2.41923    -0.00016    -0.05676    -0.14726    -0.05676     0.00000     0.00000     0.00000     0.00000     0.00000    -0.26094
    -2.21923    -0.00128    -0.12816    -0.19846    -0.12816     0.00000     0.00000     0.00000     0.00000     0.00000    -0.45606
    -2.01823    -0.00064    -0.06856    -0.18132    -0.06856     0.00000     0.00000     0.00000     0.00000     0.00000    -0.31908
    -1.81823    -0.00040    -0.07592    -0.24960    -0.07592     0.00000     0.00000     0.00000     0.00000     0.00000    -0.40184
    -1.61723    -0.00004    -0.00358    -0.27340    -0.00358     0.00000     0.00000     0.00000     0.00000     0.00000    -0.28061
    -1.41623    -0.00004    -0.00005    -0.29880    -0.00005     0.00000     0.00000     0.00000     0.00000     0.00000    -0.29894
    -1.21623    -0.00003    -0.00007    -0.38900    -0.00007     0.00000     0.00000     0.00000     0.00000     0.00000    -0.38917
    -1.01523    -0.00002    -0.00006    -0.30520    -0.00006     0.00000     0.00000     0.00000     0.00000     0.00000    -0.30533
    -0.81523    -0.00001    -0.00003    -0.21920    -0.00003     0.00000     0.00000     0.00000     0.00000     0.00000    -0.21927
    -0.61423    -0.00000    -0.00003    -0.20020    -0.00003     0.00000     0.00000     0.00000     0.00000     0.00000    -0.20026
    -0.41323    -0.00000    -0.00002    -0.10768    -0.00002     0.00000     0.00000     0.00000     0.00000     0.00000    -0.10771
    -0.21323    -0.00000    -0.00000    -0.00247    -0.00000     0.00000     0.00000     0.00000     0.00000     0.00000    -0.00247
    -0.01223    -0.00000    -0.00000    -0.00000    -0.00000     0.00000     0.00000     0.00000     0.00000     0.00000    -0.00000
     0.18777    -0.00000    -0.00000    -0.00000    -0.00000     0.00000     0.00000     0.00000     0.00000     0.00000    -0.00000
     0.38877     0.00000     0.00000     0.00000     0.00000     0.00000     0.00000     0.00000     0.00000     0.00000     0.00000
     0.58877     0.00000     0.00000     0.00000     0.00000     0.00000     0.00000     0.00000     0.00000     0.00000     0.00000
     0.78977     0.00000     0.00000     0.00000     0.00000     0.00000     0.00000     0.00000     0.00000     0.00000     0.00000
     0.99077     0.00000     0.00000     0.00000     0.00000     0.00000     0.00000     0.00000     0.00000     0.00000     0.00000
     1.19077     0.00000     0.00000     0.00000     0.00000     0.00000     0.00000     0.00000     0.00000     0.00000     0.00000
     1.39177     0.00000     0.00000     0.00000     0.00000     0.00000     0.00000     0.00000     0.00000     0.00000     0.00000
     1.59177     0.00000     0.00000     0.00000     0.00000     0.00000     0.00000     0.00000     0.00000     0.00000     0.00000
     1.79277     0.00000     0.00000     0.00000     0.00000     0.00000     0.00000     0.00000     0.00000     0.00000     0.00000
     1.99377     0.00000     0.00000     0.00000     0.00000     0.00000     0.00000     0.00000     0.00000     0.00000     0.00000
     2.19377     0.00000     0.00000     0.00000     0.00000     0.00000     0.00000     0.00000     0.00000     0.00000     0.00000
     2.39477     0.00000     0.00000     0.00000     0.00000     0.00000     0.00000     0.00000     0.00000     0.00000     0.00000
     2.59477     0.00000     0.00000     0.00000     0.00000     0.00000     0.00000     0.00000     0.00000     0.00000     0.00000
     2.79577     0.00000     0.00000     0.00000     0.00000     0.00000     0.00000     0.00000     0.00000     0.00000     0.00000
     2.99577     0.00000     0.00000     0.00000     0.00000     0.00000     0.00000     0.00000     0.00000     0.00000     0.00000
     3.19677     0.00000     0.00000     0.00000     0.00000     0.00000     0.00000     0.00000     0.00000     0.00000     0.00000
     3.39777    -0.00000    -0.00000    -0.00000    -0.00000     0.00000     0.00000     0.00000     0.00000     0.00000    -0.00000
     3.59777    -0.00000    -0.00000    -0.00000    -0.00000     0.00000     0.00000     0.00000     0.00000     0.00000    -0.00000
     3.79877    -0.00000    -0.00000    -0.00001    -0.00000     0.00000     0.00000     0.00000     0.00000     0.00000    -0.00001
     3.99877    -0.00009    -0.00000    -0.00266    -0.00000     0.00000     0.00000     0.00000     0.00000     0.00000    -0.00275
     4.19977    -0.00208    -0.00006    -0.01789    -0.00006     0.00000     0.00000     0.00000     0.00000     0.00000    -0.02008
     4.39977    -0.00366    -0.00016    -0.03840    -0.00016     0.00000     0.00000     0.00000     0.00000     0.00000    -0.04238
     4.60077    -0.00606    -0.00045    -0.06558    -0.00045     0.00000     0.00000     0.00000     0.00000     0.00000    -0.07254
     4.80177    -0.00664    -0.00056    -0.06910    -0.00056     0.00000     0.00000     0.00000     0.00000     0.00000    -0.07686
     5.00177    -0.00593    -0.00061    -0.04476    -0.00061     0.00000     0.00000     0.00000     0.00000     0.00000    -0.05192
     5.20277    -0.00892    -0.00108    -0.06966    -0.00108     0.00000     0.00000     0.00000     0.00000     0.00000    -0.08075
     5.40277    -0.00923    -0.00135    -0.04928    -0.00135     0.00000     0.00000     0.00000     0.00000     0.00000    -0.06121
     5.60377    -0.00913    -0.00130    -0.07440    -0.00130     0.00000     0.00000     0.00000     0.00000     0.00000    -0.08613
     5.80477    -0.01042    -0.00173    -0.07542    -0.00173     0.00000     0.00000     0.00000     0.00000     0.00000    -0.08930
     6.00477    -0.00943    -0.00151    -0.07134    -0.00151     0.00000     0.00000     0.00000     0.00000     0.00000    -0.08380
     6.20577    -0.01260    -0.00260    -0.05712    -0.00260     0.00000     0.00000     0.00000     0.00000     0.00000    -0.07492
     6.40577    -0.01406    -0.00289    -0.08946    -0.00289     0.00000     0.00000     0.00000     0.00000     0.00000    -0.10929
     6.60677    -0.01380    -0.00284    -0.06692    -0.00284     0.00000     0.00000     0.00000     0.00000     0.00000    -0.08639
     6.80677    -0.01878    -0.00436    -0.15824    -0.00436     0.00000     0.00000     0.00000     0.00000     0.00000    -0.18575
     7.00777    -0.01384    -0.00309    -0.10368    -0.00309     0.00000     0.00000     0.00000     0.00000     0.00000    -0.12371
     7.20877    -0.00908    -0.00171    -0.08678    -0.00171     0.00000     0.00000     0.00000     0.00000     0.00000    -0.09928
     7.40877    -0.00892    -0.00214    -0.09258    -0.00214     0.00000     0.00000     0.00000     0.00000     0.00000    -0.10578
     7.60977    -0.01075    -0.00264    -0.08312    -0.00264     0.00000     0.00000     0.00000     0.00000     0.00000    -0.09915
     7.80977    -0.00880    -0.00206    -0.08458    -0.00206     0.00000     0.00000     0.00000     0.00000     0.00000    -0.09750
     8.01077    -0.01030    -0.00286    -0.08402    -0.00286     0.00000     0.00000     0.00000     0.00000     0.00000    -0.10004
     8.21177    -0.01062    -0.00344    -0.06472    -0.00344     0.00000     0.00000     0.00000     0.00000     0.00000    -0.08222
     8.41177    -0.01161    -0.00322    -0.01788    -0.00322     0.00000     0.00000     0.00000     0.00000     0.00000    -0.03593
     8.61277    -0.01177    -0.00324    -0.02018    -0.00324     0.00000     0.00000     0.00000     0.00000     0.00000    -0.03843
     8.81277    -0.02606    -0.00759    -0.02730    -0.00759     0.00000     0.00000     0.00000     0.00000     0.00000    -0.06854
     9.01377    -0.03614    -0.00875    -0.01860    -0.00875     0.00000     0.00000     0.00000     0.00000     0.00000    -0.07225
     9.21377    -0.03866    -0.00733    -0.02700    -0.00733     0.00000     0.00000     0.00000     0.00000     0.00000    -0.08033
     9.41477    -0.05784    -0.00906    -0.02030    -0.00906     0.00000     0.00000     0.00000     0.00000     0.00000    -0.09627
     9.61577    -0.07412    -0.01246    -0.02554    -0.01246     0.00000     0.00000     0.00000     0.00000     0.00000    -0.12457
     9.81577    -0.05022    -0.00997    -0.02622    -0.00997     0.00000     0.00000     0.00000     0.00000     0.00000    -0.09638
    10.01677    -0.05738    -0.01317    -0.03056    -0.01317     0.00000     0.00000     0.00000     0.00000     0.00000    -0.11429
    10.21677    -0.04546    -0.01114    -0.05018    -0.01114     0.00000     0.00000     0.00000     0.00000     0.00000    -0.11792
    10.41777    -0.05414    -0.01746    -0.03770    -0.01746     0.00000     0.00000     0.00000     0.00000     0.00000    -0.12676
    10.61777    -0.10182    -0.02778    -0.02892    -0.02778     0.00000     0.00000     0.00000     0.00000     0.00000    -0.18630
    10.81877    -0.09928    -0.03406    -0.04626    -0.03406     0.00000     0.00000     0.00000     0.00000     0.00000    -0.21366
    11.01977    -0.06276    -0.04326    -0.02532    -0.04326     0.00000     0.00000     0.00000     0.00000     0.00000    -0.17460
    11.21977    -0.04500    -0.04666    -0.04164    -0.04666     0.00000     0.00000     0.00000     0.00000     0.00000    -0.17996
    11.42077    -0.04440    -0.04828    -0.08692    -0.04828     0.00000     0.00000     0.00000     0.00000     0.00000    -0.22788
    11.62077    -0.06328    -0.06254    -0.03824    -0.06254     0.00000     0.00000     0.00000     0.00000     0.00000    -0.22660
    11.82177    -0.02192    -0.03038    -0.04302    -0.03038     0.00000     0.00000     0.00000     0.00000     0.00000    -0.12570
    12.02277    -0.01400    -0.04080    -0.03436    -0.04080     0.00000     0.00000     0.00000     0.00000     0.00000    -0.12996
    12.22277    -0.02882    -0.06280    -0.02926    -0.06280     0.00000     0.00000     0.00000     0.00000     0.00000    -0.18368
    12.42377    -0.01898    -0.04620    -0.02244    -0.04620     0.00000     0.00000     0.00000     0.00000     0.00000    -0.13382
    12.62377    -0.01304    -0.04340    -0.02070    -0.04340     0.00000     0.00000     0.00000     0.00000     0.00000    -0.12054
    12.82477    -0.01588    -0.07100    -0.01773    -0.07100     0.00000     0.00000     0.00000     0.00000     0.00000    -0.17561
    13.02477    -0.02164    -0.07240    -0.01035    -0.07240     0.00000     0.00000     0.00000     0.00000     0.00000    -0.17679
    13.22577    -0.01322    -0.02566    -0.00589    -0.02566     0.00000     0.00000     0.00000     0.00000     0.00000    -0.07042
    13.42677    -0.01495    -0.02016    -0.00470    -0.02016     0.00000     0.00000     0.00000     0.00000     0.00000    -0.05997
    13.62677    -0.03338    -0.02780    -0.00987    -0.02780     0.00000     0.00000     0.00000     0.00000     0.00000    -0.09885
    13.82777    -0.04720    -0.02788    -0.01911    -0.02788     0.00000     0.00000     0.00000     0.00000     0.00000    -0.12207
    14.02777    -0.03812    -0.02824    -0.01698    -0.02824     0.00000     0.00000     0.00000     0.00000     0.00000    -0.11158
    14.22877    -0.05900    -0.05174    -0.00603    -0.05174     0.00000     0.00000     0.00000     0.00000     0.00000    -0.16851
    14.42977    -0.05300    -0.06012    -0.00253    -0.06012     0.00000     0.00000     0.00000     0.00000     0.00000    -0.17577
    14.62977    -0.04264    -0.05380    -0.00254    -0.05380     0.00000     0.00000     0.00000     0.00000     0.00000    -0.15278
    14.83077    -0.03660    -0.03712    -0.00343    -0.03712     0.00000     0.00000     0.00000     0.00000     0.00000    -0.11427
    15.03077    -0.02480    -0.03444    -0.00427    -0.03444     0.00000     0.00000     0.00000     0.00000     0.00000    -0.09795
    15.23177    -0.02548    -0.03746    -0.00748    -0.03746     0.00000     0.00000     0.00000     0.00000     0.00000    -0.10788
    15.43177    -0.03144    -0.04062    -0.00893    -0.04062     0.00000     0.00000     0.00000     0.00000     0.00000    -0.12161
    15.63277    -0.02666    -0.03814    -0.01688    -0.03814     0.00000     0.00000     0.00000     0.00000     0.00000    -0.11982
    15.83377    -0.01659    -0.03914    -0.02378    -0.03914     0.00000     0.00000     0.00000     0.00000     0.00000    -0.11865
    16.03377    -0.02010    -0.04440    -0.01816    -0.04440     0.00000     0.00000     0.00000     0.00000     0.00000    -0.12706
    16.23477    -0.01681    -0.04528    -0.02058    -0.04528     0.00000     0.00000     0.00000     0.00000     0.00000    -0.12795
    16.43477    -0.01623    -0.04246    -0.01006    -0.04246     0.00000     0.00000     0.00000     0.00000     0.00000    -0.11121
    16.63577    -0.01165    -0.04938    -0.02108    -0.04938     0.00000     0.00000     0.00000     0.00000     0.00000    -0.13149
    16.83577    -0.01106    -0.05032    -0.01378    -0.05032     0.00000     0.00000     0.00000     0.00000     0.00000    -0.12548
    17.03677    -0.01119    -0.04002    -0.01305    -0.04002     0.00000     0.00000     0.00000     0.00000     0.00000    -0.10428
    17.23777    -0.01279    -0.05050    -0.02212    -0.05050     0.00000     0.00000     0.00000     0.00000     0.00000    -0.13591
    17.43777    -0.01375    -0.06204    -0.01979    -0.06204     0.00000     0.00000     0.00000     0.00000     0.00000    -0.15763
    17.63877    -0.01508    -0.06904    -0.03422    -0.06904     0.00000     0.00000     0.00000     0.00000     0.00000    -0.18738
    17.83877    -0.02618    -0.05844    -0.02792    -0.05844     0.00000     0.00000     0.00000     0.00000     0.00000    -0.17098
    18.03977    -0.02744    -0.05472    -0.01902    -0.05472     0.00000     0.00000     0.00000     0.00000     0.00000    -0.15590
    18.24077    -0.02164    -0.04540    -0.01741    -0.04540     0.00000     0.00000     0.00000     0.00000     0.00000    -0.12985
    18.44077    -0.01865    -0.05198    -0.01288    -0.05198     0.00000     0.00000     0.00000     0.00000     0.00000    -0.13550
    18.64177    -0.01391    -0.05960    -0.01576    -0.05960     0.00000     0.00000     0.00000     0.00000     0.00000    -0.14887
    18.84177    -0.02102    -0.07286    -0.02076    -0.07286     0.00000     0.00000     0.00000     0.00000     0.00000    -0.18750
    19.04277    -0.02270    -0.08292    -0.02910    -0.08292     0.00000     0.00000     0.00000     0.00000     0.00000    -0.21764
    19.24277    -0.01756    -0.08004    -0.02636    -0.08004     0.00000     0.00000     0.00000     0.00000     0.00000    -0.20400
    19.44377    -0.01115    -0.06152    -0.02236    -0.06152     0.00000     0.00000     0.00000     0.00000     0.00000    -0.15655
    19.64477    -0.01215    -0.06060    -0.01853    -0.06060     0.00000     0.00000     0.00000     0.00000     0.00000    -0.15188
    19.84477    -0.00977    -0.05946    -0.02164    -0.05946     0.00000     0.00000     0.00000     0.00000     0.00000    -0.15033
    20.04577    -0.00844    -0.07046    -0.03638    -0.07046     0.00000     0.00000     0.00000     0.00000     0.00000    -0.18574
    20.24577    -0.00670    -0.03904    -0.02422    -0.03904     0.00000     0.00000     0.00000     0.00000     0.00000    -0.10900
    20.44677    -0.00634    -0.05628    -0.02390    -0.05628     0.00000     0.00000     0.00000     0.00000     0.00000    -0.14280
    20.64777    -0.00686    -0.06812    -0.02942    -0.06812     0.00000     0.00000     0.00000     0.00000     0.00000    -0.17252
    20.84777    -0.00529    -0.05654    -0.02244    -0.05654     0.00000     0.00000     0.00000     0.00000     0.00000    -0.14081
    21.04877    -0.00447    -0.07278    -0.02718    -0.07278     0.00000     0.00000     0.00000     0.00000     0.00000    -0.17721
    21.24877    -0.00186    -0.02814    -0.02674    -0.02814     0.00000     0.00000     0.00000     0.00000     0.00000    -0.08488
    21.44977    -0.00110    -0.01372    -0.02202    -0.01372     0.00000     0.00000     0.00000     0.00000     0.00000    -0.05056
    21.64977    -0.00136    -0.01360    -0.01188    -0.01360     0.00000     0.00000     0.00000     0.00000     0.00000    -0.04045
    21.85077    -0.00108    -0.01000    -0.01589    -0.01000     0.00000     0.00000     0.00000     0.00000     0.00000    -0.03696
    22.05177    -0.00135    -0.01485    -0.01168    -0.01485     0.00000     0.00000     0.00000     0.00000     0.00000    -0.04273
    22.25177    -0.00171    -0.02116    -0.01494    -0.02116     0.00000     0.00000     0.00000     0.00000     0.00000    -0.05897
    22.45277    -0.00160    -0.01755    -0.01170    -0.01755     0.00000     0.00000     0.00000     0.00000     0.00000    -0.04839
    22.65277    -0.00199    -0.01312    -0.00813    -0.01312     0.00000     0.00000     0.00000     0.00000     0.00000    -0.03636
    22.85377    -0.00442    -0.01813    -0.01067    -0.01813     0.00000     0.00000     0.00000     0.00000     0.00000    -0.05135
    23.05377    -0.00715    -0.01724    -0.00653    -0.01724     0.00000     0.00000     0.00000     0.00000     0.00000    -0.04816
    23.25477    -0.00605    -0.01700    -0.00529    -0.01700     0.00000     0.00000     0.00000     0.00000     0.00000    -0.04533
    23.45577    -0.00544    -0.01644    -0.00735    -0.01644     0.00000     0.00000     0.00000     0.00000     0.00000    -0.04566
    23.65577    -0.00615    -0.02150    -0.00643    -0.02150     0.00000     0.00000     0.00000     0.00000     0.00000    -0.05558
    23.85677    -0.00605    -0.01551    -0.00574    -0.01551     0.00000     0.00000     0.00000     0.00000     0.00000    -0.04281
    24.05677    -0.00532    -0.01561    -0.00649    -0.01561     0.00000     0.00000     0.00000     0.00000     0.00000    -0.04304
    24.25777    -0.00858    -0.01785    -0.00706    -0.01785     0.00000     0.00000     0.00000     0.00000     0.00000    -0.05134
    24.45877    -0.01020    -0.01782    -0.00703    -0.01782     0.00000     0.00000     0.00000     0.00000     0.00000    -0.05288
    24.65877    -0.01250    -0.03006    -0.00702    -0.03006     0.00000     0.00000     0.00000     0.00000     0.00000    -0.07964
    24.85977    -0.00826    -0.02012    -0.00529    -0.02012     0.00000     0.00000     0.00000     0.00000     0.00000    -0.05379
    25.05977    -0.00569    -0.01998    -0.00515    -0.01998     0.00000     0.00000     0.00000     0.00000     0.00000    -0.05080
    25.26077    -0.00846    -0.02408    -0.00462    -0.02408     0.00000     0.00000     0.00000     0.00000     0.00000    -0.06124
    25.46077    -0.00780    -0.02650    -0.00394    -0.02650     0.00000     0.00000     0.00000     0.00000     0.00000    -0.06474
    25.66177    -0.00624    -0.01252    -0.00433    -0.01252     0.00000     0.00000     0.00000     0.00000     0.00000    -0.03561
    25.86277    -0.00983    -0.01442    -0.00667    -0.01442     0.00000     0.00000     0.00000     0.00000     0.00000    -0.04535
    26.06277    -0.01122    -0.02018    -0.00837    -0.02018     0.00000     0.00000     0.00000     0.00000     0.00000    -0.05995
    26.26377    -0.01094    -0.02134    -0.00911    -0.02134     0.00000     0.00000     0.00000     0.00000     0.00000    -0.06273
    26.46377    -0.01113    -0.01943    -0.01163    -0.01943     0.00000     0.00000     0.00000     0.00000     0.00000    -0.06162
    26.66477    -0.01311    -0.02670    -0.01407    -0.02670     0.00000     0.00000     0.00000     0.00000     0.00000    -0.08058
    26.86577    -0.01265    -0.04066    -0.02418    -0.04066     0.00000     0.00000     0.00000     0.00000     0.00000    -0.11815
    27.06577    -0.01977    -0.04556    -0.02434    -0.04556     0.00000     0.00000     0.00000     0.00000     0.00000    -0.13523
    27.26677    -0.02110    -0.03284    -0.01941    -0.03284     0.00000     0.00000     0.00000     0.00000     0.00000    -0.10619
    27.46677    -0.02034    -0.02292    -0.02406    -0.02292     0.00000     0.00000     0.00000     0.00000     0.00000    -0.09024
    27.66777    -0.02502    -0.02716    -0.03174    -0.02716     0.00000     0.00000     0.00000     0.00000     0.00000    -0.11108
    27.86777    -0.02356    -0.02628    -0.04008    -0.02628     0.00000     0.00000     0.00000     0.00000     0.00000    -0.11620
    28.06877    -0.02254    -0.02484    -0.04300    -0.02484     0.00000     0.00000     0.00000     0.00000     0.00000    -0.11522
    28.26977    -0.02938    -0.02526    -0.04778    -0.02526     0.00000     0.00000     0.00000     0.00000     0.00000    -0.12768
    28.46977    -0.01695    -0.01089    -0.03946    -0.01089     0.00000     0.00000     0.00000     0.00000     0.00000    -0.07819
    28.67077    -0.01665    -0.01071    -0.05512    -0.01071     0.00000     0.00000     0.00000     0.00000     0.00000    -0.09319
    28.87077    -0.01615    -0.01347    -0.05428    -0.01347     0.00000     0.00000     0.00000     0.00000     0.00000    -0.09737
    29.07177    -0.01575    -0.01371    -0.03466    -0.01371     0.00000     0.00000     0.00000     0.00000     0.00000    -0.07783
    29.27177    -0.01264    -0.01185    -0.02616    -0.01185     0.00000     0.00000     0.00000     0.00000     0.00000    -0.06250
    29.47277    -0.01176    -0.00715    -0.02682    -0.00715     0.00000     0.00000     0.00000     0.00000     0.00000    -0.05288
    29.67377    -0.01445    -0.00771    -0.03034    -0.00771     0.00000     0.00000     0.00000     0.00000     0.00000    -0.06020
    29.87377    -0.00712    -0.00561    -0.02684    -0.00561     0.00000     0.00000     0.00000     0.00000     0.00000    -0.04519
    30.07477    -0.00910    -0.00672    -0.02032    -0.00672     0.00000     0.00000     0.00000     0.00000     0.00000    -0.04286
    30.27477    -0.01235    -0.00828    -0.00913    -0.00828     0.00000     0.00000     0.00000     0.00000     0.00000    -0.03803
    30.47577    -0.01163    -0.00747    -0.00490    -0.00747     0.00000     0.00000     0.00000     0.00000     0.00000    -0.03147
    30.67677    -0.00908    -0.00717    -0.00379    -0.00717     0.00000     0.00000     0.00000     0.00000     0.00000    -0.02720
    30.87677    -0.00833    -0.00538    -0.00338    -0.00538     0.00000     0.00000     0.00000     0.00000     0.00000    -0.02246
    31.07777    -0.00862    -0.00566    -0.00447    -0.00566     0.00000     0.00000     0.00000     0.00000     0.00000    -0.02440
    31.27777    -0.00836    -0.00473    -0.00556    -0.00473     0.00000     0.00000     0.00000     0.00000     0.00000    -0.02339
    31.47877    -0.00654    -0.00369    -0.00525    -0.00369     0.00000     0.00000     0.00000     0.00000     0.00000    -0.01918
    31.67877    -0.00594    -0.00331    -0.00696    -0.00331     0.00000     0.00000     0.00000     0.00000     0.00000    -0.01953
    31.87977    -0.00804    -0.00371    -0.01007    -0.00371     0.00000     0.00000     0.00000     0.00000     0.00000    -0.02554
    32.08077    -0.01023    -0.00361    -0.01130    -0.00361     0.00000     0.00000     0.00000     0.00000     0.00000    -0.02875
    32.28077    -0.00799    -0.00359    -0.01165    -0.00359     0.00000     0.00000     0.00000     0.00000     0.00000    -0.02682
    32.48177    -0.00761    -0.00353    -0.00984    -0.00353     0.00000     0.00000     0.00000     0.00000     0.00000    -0.02451
    32.68177    -0.00635    -0.00392    -0.01195    -0.00392     0.00000     0.00000     0.00000     0.00000     0.00000    -0.02613
    32.88277    -0.00432    -0.00365    -0.01193    -0.00365     0.00000     0.00000     0.00000     0.00000     0.00000    -0.02355
    33.08377    -0.00373    -0.00371    -0.01230    -0.00371     0.00000     0.00000     0.00000     0.00000     0.00000    -0.02344
    33.28377    -0.00454    -0.00388    -0.01027    -0.00388     0.00000     0.00000     0.00000     0.00000     0.00000    -0.02257
    33.48477    -0.00334    -0.00334    -0.01000    -0.00334     0.00000     0.00000     0.00000     0.00000     0.00000    -0.02002
    33.68477    -0.00223    -0.00319    -0.00836    -0.00319     0.00000     0.00000     0.00000     0.00000     0.00000    -0.01698
    33.88577    -0.00203    -0.00302    -0.00720    -0.00302     0.00000     0.00000     0.00000     0.00000     0.00000    -0.01527
    34.08577    -0.00217    -0.00291    -0.00575    -0.00291     0.00000     0.00000     0.00000     0.00000     0.00000    -0.01374
    34.28677    -0.00233    -0.00282    -0.00731    -0.00282     0.00000     0.00000     0.00000     0.00000     0.00000    -0.01529
    34.48777    -0.00130    -0.00225    -0.00517    -0.00225     0.00000     0.00000     0.00000     0.00000     0.00000    -0.01097
    34.68777    -0.00029    -0.00061    -0.00168    -0.00061     0.00000     0.00000     0.00000     0.00000     0.00000    -0.00319
    34.88877    -0.00007    -0.00014    -0.00061    -0.00014     0.00000     0.00000     0.00000     0.00000     0.00000    -0.00096
    35.08877    -0.00003    -0.00014    -0.00022    -0.00014     0.00000     0.00000     0.00000     0.00000     0.00000    -0.00053
    35.28977    -0.00002    -0.00013    -0.00021    -0.00013     0.00000     0.00000     0.00000     0.00000     0.00000    -0.00049
    35.48977    -0.00001    -0.00002    -0.00007    -0.00002     0.00000     0.00000     0.00000     0.00000     0.00000    -0.00012
    35.69077    -0.00001    -0.00004    -0.00011    -0.00004     0.00000     0.00000     0.00000     0.00000     0.00000    -0.00019
    35.89177    -0.00000    -0.00001    -0.00025    -0.00001     0.00000     0.00000     0.00000     0.00000     0.00000    -0.00027
    36.09177    -0.00000    -0.00001    -0.00036    -0.00001     0.00000     0.00000     0.00000     0.00000     0.00000    -0.00037
    36.29277    -0.00000    -0.00001    -0.00075    -0.00001     0.00000     0.00000     0.00000     0.00000     0.00000    -0.00078
    36.49277    -0.00000    -0.00002    -0.00057    -0.00002     0.00000     0.00000     0.00000     0.00000     0.00000    -0.00061
    36.69377    -0.00000    -0.00001    -0.00032    -0.00001     0.00000     0.00000     0.00000     0.00000     0.00000    -0.00034
    36.89477    -0.00000    -0.00000    -0.00001    -0.00000     0.00000     0.00000     0.00000     0.00000     0.00000    -0.00001
    37.09477    -0.00000    -0.00000    -0.00000    -0.00000     0.00000     0.00000     0.00000     0.00000     0.00000    -0.00000
    37.29577    -0.00000    -0.00000    -0.00000    -0.00000     0.00000     0.00000     0.00000     0.00000     0.00000    -0.00000
    37.49577     0.00000     0.00000     0.00000     0.00000     0.00000     0.00000     0.00000     0.00000     0.00000     0.00000
    37.69677     0.00000     0.00000     0.00000     0.00000     0.00000     0.00000     0.00000     0.00000     0.00000     0.00000
    37.89677     0.00000     0.00000     0.00000     0.00000     0.00000     0.00000     0.00000     0.00000     0.00000     0.00000
    38.09777     0.00000     0.00000     0.00000     0.00000     0.00000     0.00000     0.00000     0.00000     0.00000     0.00000
    38.29877     0.00000     0.00000     0.00000     0.00000     0.00000     0.00000     0.00000     0.00000     0.00000     0.00000
    38.49877     0.00000     0.00000     0.00000     0.00000     0.00000     0.00000     0.00000     0.00000     0.00000     0.00000
    38.69977     0.00000     0.00000     0.00000     0.00000     0.00000     0.00000     0.00000     0.00000     0.00000     0.00000
    38.89977     0.00000     0.00000     0.00000     0.00000     0.00000     0.00000     0.00000     0.00000     0.00000     0.00000
    39.10077     0.00000     0.00000     0.00000     0.00000     0.00000     0.00000     0.00000     0.00000     0.00000     0.00000
    39.30177     0.00000     0.00000     0.00000     0.00000     0.00000     0.00000     0.00000     0.00000     0.00000     0.00000
