     #Energy           s          py          pz          px         dxy         dyz         dz2         dxz         dx2       tot  
   -20.87323     0.00000     0.00000     0.00000     0.00000     0.00000     0.00000     0.00000     0.00000     0.00000     0.00000
   -20.67223     0.00000     0.00000     0.00000     0.00000     0.00000     0.00000     0.00000     0.00000     0.00000     0.00000
   -20.47223     0.00000     0.00000     0.00000     0.00000     0.00000     0.00000     0.00000     0.00000     0.00000     0.00000
   -20.27123     0.00000     0.00000     0.00000     0.00000     0.00000     0.00000     0.00000     0.00000     0.00000     0.00000
   -20.07023     0.00000     0.00000     0.00000     0.00000     0.00000     0.00000     0.00000     0.00000     0.00000     0.00000
   -19.87023     0.00000     0.00000     0.00000     0.00000     0.00000     0.00000     0.00000     0.00000     0.00000     0.00000
   -19.66923     0.00000     0.00000     0.00000     0.00000     0.00000     0.00000     0.00000     0.00000     0.00000     0.00000
   -19.46923     0.00000     0.00000     0.00000     0.00000     0.00000     0.00000     0.00000     0.00000     0.00000     0.00000
   -19.26823     0.00000     0.00000     0.00000     0.00000     0.00000     0.00000     0.00000     0.00000     0.00000     0.00000
   -19.06723     0.00000     0.00000     0.00000     0.00000     0.00000     0.00000     0.00000     0.00000     0.00000     0.00000
   -18.86723     0.00000     0.00000     0.00000     0.00000     0.00000     0.00000     0.00000     0.00000     0.00000     0.00000
   -18.66623    -0.00000    -0.00000    -0.00000    -0.00000     0.00000     0.00000     0.00000     0.00000     0.00000    -0.00000
   -18.46623    -0.00000    -0.00000    -0.00000    -0.00000     0.00000     0.00000     0.00000     0.00000     0.00000    -0.00000
   -18.26523    -0.00052    -0.00000    -0.00000    -0.00000     0.00000     0.00000     0.00000     0.00000     0.00000    -0.00053
   -18.06523    -0.03620    -0.00021    -0.00000    -0.00021     0.00000     0.00000     0.00000     0.00000     0.00000    -0.03663
   -17.86423    -0.09548    -0.00176    -0.00000    -0.00176     0.00000     0.00000     0.00000     0.00000     0.00000    -0.09901
   -17.66323    -0.09382    -0.00343    -0.00000    -0.00343     0.00000     0.00000     0.00000     0.00000     0.00000    -0.10068
   -17.46323    -0.09350    -0.00622    -0.00000    -0.00622     0.00000     0.00000     0.00000     0.00000     0.00000    -0.10594
   -17.26223    -0.09438    -0.00812    -0.00000    -0.00812     0.00000     0.00000     0.00000     0.00000     0.00000    -0.11063
   -17.06223    -0.07338    -0.00878    -0.00000    -0.00878     0.00000     0.00000     0.00000     0.00000     0.00000    -0.09094
   -16.86123    -0.09572    -0.01532    -0.00000    -0.01532     0.00000     0.00000     0.00000     0.00000     0.00000    -0.12636
   -16.66123    -0.08222    -0.01583    -0.00000    -0.01583     0.00000     0.00000     0.00000     0.00000     0.00000    -0.11388
   -16.46023    -0.06542    -0.01559    -0.00000    -0.01559     0.00000     0.00000     0.00000     0.00000     0.00000    -0.09660
   -16.25923    -0.07076    -0.02232    -0.00000    -0.02232     0.00000     0.00000     0.00000     0.00000     0.00000    -0.11540
   -16.05923    -0.08562    -0.03136    -0.00000    -0.03136     0.00000     0.00000     0.00000     0.00000     0.00000    -0.14834
   -15.85823    -0.06198    -0.02974    -0.00000    -0.02974     0.00000     0.00000     0.00000     0.00000     0.00000    -0.12146
   -15.65823    -0.04742    -0.02740    -0.00000    -0.02740     0.00000     0.00000     0.00000     0.00000     0.00000    -0.10222
   -15.45723    -0.06986    -0.05636    -0.00000    -0.05636     0.00000     0.00000     0.00000     0.00000     0.00000    -0.18258
   -15.25623    -0.05572    -0.05970    -0.00000    -0.05970     0.00000     0.00000     0.00000     0.00000     0.00000    -0.17512
   -15.05623    -0.04830    -0.08296    -0.00000    -0.08296     0.00000     0.00000     0.00000     0.00000     0.00000    -0.21422
   -14.85523    -0.03886    -0.10454    -0.00000    -0.10454     0.00000     0.00000     0.00000     0.00000     0.00000    -0.24794
   -14.65523    -0.01525    -0.05910    -0.00000    -0.05910     0.00000     0.00000     0.00000     0.00000     0.00000    -0.13345
   -14.45423    -0.00374    -0.04398    -0.00000    -0.04398     0.00000     0.00000     0.00000     0.00000     0.00000    -0.09170
   -14.25423    -0.00018    -0.00380    -0.00000    -0.00380     0.00000     0.00000     0.00000     0.00000     0.00000    -0.00777
   -14.05323    -0.00000    -0.00000    -0.00000    -0.00000     0.00000     0.00000     0.00000     0.00000     0.00000    -0.00000
   -13.85223    -0.00000    -0.00000    -0.00000    -0.00000     0.00000     0.00000     0.00000     0.00000     0.00000    -0.00000
   -13.65223     0.00000     0.00000     0.00000     0.00000     0.00000     0.00000     0.00000     0.00000     0.00000     0.00000
   -13.45123     0.00000     0.00000     0.00000     0.00000     0.00000     0.00000     0.00000     0.00000     0.00000     0.00000
   -13.25123     0.00000     0.00000     0.00000     0.00000     0.00000     0.00000     0.00000     0.00000     0.00000     0.00000
   -13.05023     0.00000     0.00000     0.00000     0.00000     0.00000     0.00000     0.00000     0.00000     0.00000     0.00000
   -12.84923     0.00000     0.00000     0.00000     0.00000     0.00000     0.00000     0.00000     0.00000     0.00000     0.00000
   -12.64923     0.00000     0.00000     0.00000     0.00000     0.00000     0.00000     0.00000     0.00000     0.00000     0.00000
   -12.44823     0.00000     0.00000     0.00000     0.00000     0.00000     0.00000     0.00000     0.00000     0.00000     0.00000
   -12.24823     0.00000     0.00000     0.00000     0.00000     0.00000     0.00000     0.00000     0.00000     0.00000     0.00000
   -12.04723     0.00000     0.00000     0.00000     0.00000     0.00000     0.00000     0.00000     0.00000     0.00000     0.00000
   -11.84723     0.00000     0.00000     0.00000     0.00000     0.00000     0.00000     0.00000     0.00000     0.00000     0.00000
   -11.64623     0.00000     0.00000     0.00000     0.00000     0.00000     0.00000     0.00000     0.00000     0.00000     0.00000
   -11.44523     0.00000     0.00000     0.00000     0.00000     0.00000     0.00000     0.00000     0.00000     0.00000     0.00000
   -11.24523     0.00000     0.00000     0.00000     0.00000     0.00000     0.00000     0.00000     0.00000     0.00000     0.00000
   -11.04423     0.00000     0.00000     0.00000     0.00000     0.00000     0.00000     0.00000     0.00000     0.00000     0.00000
   -10.84423     0.00000     0.00000     0.00000     0.00000     0.00000     0.00000     0.00000     0.00000     0.00000     0.00000
   -10.64323     0.00000     0.00000     0.00000     0.00000     0.00000     0.00000     0.00000     0.00000     0.00000     0.00000
   -10.44323     0.00000     0.00000     0.00000     0.00000     0.00000     0.00000     0.00000     0.00000     0.00000     0.00000
   -10.24223     0.00000     0.00000     0.00000     0.00000     0.00000     0.00000     0.00000     0.00000     0.00000     0.00000
   -10.04123     0.00000     0.00000     0.00000     0.00000     0.00000     0.00000     0.00000     0.00000     0.00000     0.00000
    -9.84123    -0.00000    -0.00000    -0.00000    -0.00000     0.00000     0.00000     0.00000     0.00000     0.00000    -0.00000
    -9.64023    -0.00000    -0.00000    -0.00000    -0.00000     0.00000     0.00000     0.00000     0.00000     0.00000    -0.00000
    -9.44023    -0.00453    -0.00048    -0.00000    -0.00048     0.00000     0.00000     0.00000     0.00000     0.00000    -0.00550
    -9.23923    -0.13430    -0.01519    -0.00000    -0.01519     0.00000     0.00000     0.00000     0.00000     0.00000    -0.16467
    -9.03823    -0.15332    -0.02170    -0.00000    -0.02170     0.00000     0.00000     0.00000     0.00000     0.00000    -0.19672
    -8.83823    -0.21020    -0.04502    -0.00000    -0.04502     0.00000     0.00000     0.00000     0.00000     0.00000    -0.30024
    -8.63723    -0.16900    -0.04778    -0.00000    -0.04778     0.00000     0.00000     0.00000     0.00000     0.00000    -0.26456
    -8.43723    -0.15298    -0.07366    -0.00000    -0.07366     0.00000     0.00000     0.00000     0.00000     0.00000    -0.30030
    -8.23623    -0.15566    -0.06802    -0.00000    -0.06802     0.00000     0.00000     0.00000     0.00000     0.00000    -0.29170
    -8.03623    -0.07816    -0.02704    -0.00000    -0.02704     0.00000     0.00000     0.00000     0.00000     0.00000    -0.13224
    -7.83523    -0.05572    -0.02062    -0.00000    -0.02062     0.00000     0.00000     0.00000     0.00000     0.00000    -0.09696
    -7.63423    -0.13786    -0.05286    -0.00000    -0.05286     0.00000     0.00000     0.00000     0.00000     0.00000    -0.24358
    -7.43423    -0.07910    -0.01478    -0.00000    -0.01478     0.00000     0.00000     0.00000     0.00000     0.00000    -0.10866
    -7.23323    -0.10362    -0.02984    -0.00000    -0.02984     0.00000     0.00000     0.00000     0.00000     0.00000    -0.16330
    -7.03323    -0.07878    -0.02796    -0.00000    -0.02796     0.00000     0.00000     0.00000     0.00000     0.00000    -0.13470
    -6.83223    -0.10342    -0.04606    -0.00001    -0.04606     0.00000     0.00000     0.00000     0.00000     0.00000    -0.19555
    -6.63123    -0.09044    -0.04542    -0.00000    -0.04542     0.00000     0.00000     0.00000     0.00000     0.00000    -0.18128
    -6.43123    -0.09126    -0.05486    -0.00001    -0.05486     0.00000     0.00000     0.00000     0.00000     0.00000    -0.20099
    -6.23023    -0.05930    -0.03988    -0.00048    -0.03988     0.00000     0.00000     0.00000     0.00000     0.00000    -0.13954
    -6.03023    -0.09152    -0.06362    -0.00880    -0.06362     0.00000     0.00000     0.00000     0.00000     0.00000    -0.22756
    -5.82923    -0.06918    -0.06542    -0.01859    -0.06542     0.00000     0.00000     0.00000     0.00000     0.00000    -0.21861
    -5.62923    -0.04638    -0.04278    -0.02742    -0.04278     0.00000     0.00000     0.00000     0.00000     0.00000    -0.15936
    -5.42823    -0.06472    -0.08734    -0.03198    -0.08734     0.00000     0.00000     0.00000     0.00000     0.00000    -0.27138
    -5.22723    -0.06718    -0.10406    -0.04532    -0.10406     0.00000     0.00000     0.00000     0.00000     0.00000    -0.32062
    -5.02723    -0.04462    -0.07348    -0.05498    -0.07348     0.00000     0.00000     0.00000     0.00000     0.00000    -0.24656
    -4.82623    -0.04066    -0.11704    -0.05428    -0.11704     0.00000     0.00000     0.00000     0.00000     0.00000    -0.32902
    -4.62623    -0.04108    -0.15930    -0.04810    -0.15930     0.00000     0.00000     0.00000     0.00000     0.00000    -0.40778
    -4.42523    -0.01946    -0.13320    -0.05484    -0.13320     0.00000     0.00000     0.00000     0.00000     0.00000    -0.34070
    -4.22523    -0.03354    -0.14282    -0.05736    -0.14282     0.00000     0.00000     0.00000     0.00000     0.00000    -0.37654
    -4.02423    -0.01775    -0.06310    -0.05136    -0.06310     0.00000     0.00000     0.00000     0.00000     0.00000    -0.19531
    -3.82323    -0.02236    -0.09964    -0.04928    -0.09964     0.00000     0.00000     0.00000     0.00000     0.00000    -0.27092
    -3.62323    -0.00694    -0.09060    -0.05236    -0.09060     0.00000     0.00000     0.00000     0.00000     0.00000    -0.24050
    -3.42223    -0.01439    -0.05242    -0.05484    -0.05242     0.00000     0.00000     0.00000     0.00000     0.00000    -0.17407
    -3.22223    -0.00647    -0.05160    -0.05290    -0.05160     0.00000     0.00000     0.00000     0.00000     0.00000    -0.16257
    -3.02123    -0.00529    -0.06196    -0.04716    -0.06196     0.00000     0.00000     0.00000     0.00000     0.00000    -0.17637
    -2.82023    -0.00762    -0.07338    -0.05656    -0.07338     0.00000     0.00000     0.00000     0.00000     0.00000    -0.21094
    -2.62023    -0.00727    -0.04858    -0.04788    -0.04858     0.00000     0.00000     0.00000     0.00000     0.00000    -0.15231
    -2.41923    -0.00052    -0.02864    -0.04522    -0.02864     0.00000     0.00000     0.00000     0.00000     0.00000    -0.10302
    -2.21923    -0.00203    -0.06086    -0.05620    -0.06086     0.00000     0.00000     0.00000     0.00000     0.00000    -0.17995
    -2.01823    -0.00094    -0.03110    -0.04664    -0.03110     0.00000     0.00000     0.00000     0.00000     0.00000    -0.10978
    -1.81823    -0.00055    -0.03372    -0.05736    -0.03372     0.00000     0.00000     0.00000     0.00000     0.00000    -0.12535
    -1.61723    -0.00004    -0.00157    -0.05556    -0.00157     0.00000     0.00000     0.00000     0.00000     0.00000    -0.05874
    -1.41623    -0.00004    -0.00000    -0.04990    -0.00000     0.00000     0.00000     0.00000     0.00000     0.00000    -0.04994
    -1.21623    -0.00005    -0.00000    -0.05474    -0.00000     0.00000     0.00000     0.00000     0.00000     0.00000    -0.05479
    -1.01523    -0.00004    -0.00000    -0.03326    -0.00000     0.00000     0.00000     0.00000     0.00000     0.00000    -0.03330
    -0.81523    -0.00002    -0.00000    -0.01783    -0.00000     0.00000     0.00000     0.00000     0.00000     0.00000    -0.01785
    -0.61423    -0.00002    -0.00000    -0.00748    -0.00000     0.00000     0.00000     0.00000     0.00000     0.00000    -0.00750
    -0.41323    -0.00001    -0.00000    -0.00176    -0.00000     0.00000     0.00000     0.00000     0.00000     0.00000    -0.00177
    -0.21323    -0.00000    -0.00000    -0.00002    -0.00000     0.00000     0.00000     0.00000     0.00000     0.00000    -0.00002
    -0.01223    -0.00000    -0.00000    -0.00000    -0.00000     0.00000     0.00000     0.00000     0.00000     0.00000    -0.00000
     0.18777    -0.00000    -0.00000    -0.00000    -0.00000     0.00000     0.00000     0.00000     0.00000     0.00000    -0.00000
     0.38877     0.00000     0.00000     0.00000     0.00000     0.00000     0.00000     0.00000     0.00000     0.00000     0.00000
     0.58877     0.00000     0.00000     0.00000     0.00000     0.00000     0.00000     0.00000     0.00000     0.00000     0.00000
     0.78977     0.00000     0.00000     0.00000     0.00000     0.00000     0.00000     0.00000     0.00000     0.00000     0.00000
     0.99077     0.00000     0.00000     0.00000     0.00000     0.00000     0.00000     0.00000     0.00000     0.00000     0.00000
     1.19077     0.00000     0.00000     0.00000     0.00000     0.00000     0.00000     0.00000     0.00000     0.00000     0.00000
     1.39177     0.00000     0.00000     0.00000     0.00000     0.00000     0.00000     0.00000     0.00000     0.00000     0.00000
     1.59177     0.00000     0.00000     0.00000     0.00000     0.00000     0.00000     0.00000     0.00000     0.00000     0.00000
     1.79277     0.00000     0.00000     0.00000     0.00000     0.00000     0.00000     0.00000     0.00000     0.00000     0.00000
     1.99377     0.00000     0.00000     0.00000     0.00000     0.00000     0.00000     0.00000     0.00000     0.00000     0.00000
     2.19377     0.00000     0.00000     0.00000     0.00000     0.00000     0.00000     0.00000     0.00000     0.00000     0.00000
     2.39477     0.00000     0.00000     0.00000     0.00000     0.00000     0.00000     0.00000     0.00000     0.00000     0.00000
     2.59477     0.00000     0.00000     0.00000     0.00000     0.00000     0.00000     0.00000     0.00000     0.00000     0.00000
     2.79577     0.00000     0.00000     0.00000     0.00000     0.00000     0.00000     0.00000     0.00000     0.00000     0.00000
     2.99577     0.00000     0.00000     0.00000     0.00000     0.00000     0.00000     0.00000     0.00000     0.00000     0.00000
     3.19677     0.00000     0.00000     0.00000     0.00000     0.00000     0.00000     0.00000     0.00000     0.00000     0.00000
     3.39777    -0.00000    -0.00000    -0.00000    -0.00000     0.00000     0.00000     0.00000     0.00000     0.00000    -0.00000
     3.59777    -0.00000    -0.00000    -0.00000    -0.00000     0.00000     0.00000     0.00000     0.00000     0.00000    -0.00000
     3.79877    -0.00000    -0.00000    -0.00016    -0.00000     0.00000     0.00000     0.00000     0.00000     0.00000    -0.00016
     3.99877    -0.00000    -0.00000    -0.03454    -0.00000     0.00000     0.00000     0.00000     0.00000     0.00000    -0.03455
     4.19977    -0.00001    -0.00003    -0.28860    -0.00003     0.00000     0.00000     0.00000     0.00000     0.00000    -0.28868
     4.39977    -0.00002    -0.00006    -0.33620    -0.00006     0.00000     0.00000     0.00000     0.00000     0.00000    -0.33633
     4.60077    -0.00002    -0.00008    -0.34040    -0.00008     0.00000     0.00000     0.00000     0.00000     0.00000    -0.34059
     4.80177    -0.00003    -0.00009    -0.27440    -0.00009     0.00000     0.00000     0.00000     0.00000     0.00000    -0.27460
     5.00177    -0.00002    -0.00008    -0.13468    -0.00008     0.00000     0.00000     0.00000     0.00000     0.00000    -0.13487
     5.20277    -0.00004    -0.00014    -0.18022    -0.00014     0.00000     0.00000     0.00000     0.00000     0.00000    -0.18055
     5.40277    -0.00004    -0.00019    -0.10338    -0.00019     0.00000     0.00000     0.00000     0.00000     0.00000    -0.10380
     5.60377    -0.00007    -0.00020    -0.14102    -0.00020     0.00000     0.00000     0.00000     0.00000     0.00000    -0.14148
     5.80477    -0.00008    -0.00028    -0.13030    -0.00028     0.00000     0.00000     0.00000     0.00000     0.00000    -0.13095
     6.00477    -0.00012    -0.00026    -0.09678    -0.00026     0.00000     0.00000     0.00000     0.00000     0.00000    -0.09743
     6.20577    -0.00015    -0.00043    -0.06762    -0.00043     0.00000     0.00000     0.00000     0.00000     0.00000    -0.06862
     6.40577    -0.00026    -0.00058    -0.09490    -0.00058     0.00000     0.00000     0.00000     0.00000     0.00000    -0.09632
     6.60677    -0.00039    -0.00067    -0.05408    -0.00067     0.00000     0.00000     0.00000     0.00000     0.00000    -0.05580
     6.80677    -0.00060    -0.00100    -0.11374    -0.00100     0.00000     0.00000     0.00000     0.00000     0.00000    -0.11633
     7.00777    -0.00056    -0.00078    -0.06138    -0.00078     0.00000     0.00000     0.00000     0.00000     0.00000    -0.06349
     7.20877    -0.00033    -0.00043    -0.03436    -0.00043     0.00000     0.00000     0.00000     0.00000     0.00000    -0.03556
     7.40877    -0.00044    -0.00052    -0.03616    -0.00052     0.00000     0.00000     0.00000     0.00000     0.00000    -0.03764
     7.60977    -0.00099    -0.00079    -0.02584    -0.00079     0.00000     0.00000     0.00000     0.00000     0.00000    -0.02841
     7.80977    -0.00134    -0.00081    -0.02866    -0.00081     0.00000     0.00000     0.00000     0.00000     0.00000    -0.03162
     8.01077    -0.00201    -0.00109    -0.03578    -0.00109     0.00000     0.00000     0.00000     0.00000     0.00000    -0.03996
     8.21177    -0.00267    -0.00130    -0.03242    -0.00130     0.00000     0.00000     0.00000     0.00000     0.00000    -0.03769
     8.41177    -0.00428    -0.00174    -0.03394    -0.00174     0.00000     0.00000     0.00000     0.00000     0.00000    -0.04170
     8.61277    -0.00497    -0.00196    -0.04204    -0.00196     0.00000     0.00000     0.00000     0.00000     0.00000    -0.05094
     8.81277    -0.01542    -0.00431    -0.05050    -0.00431     0.00000     0.00000     0.00000     0.00000     0.00000    -0.07454
     9.01377    -0.02742    -0.00687    -0.04506    -0.00687     0.00000     0.00000     0.00000     0.00000     0.00000    -0.08622
     9.21377    -0.03754    -0.00888    -0.05306    -0.00888     0.00000     0.00000     0.00000     0.00000     0.00000    -0.10837
     9.41477    -0.06942    -0.01649    -0.04686    -0.01649     0.00000     0.00000     0.00000     0.00000     0.00000    -0.14927
     9.61577    -0.09328    -0.02446    -0.05272    -0.02446     0.00000     0.00000     0.00000     0.00000     0.00000    -0.19492
     9.81577    -0.05342    -0.02062    -0.04826    -0.02062     0.00000     0.00000     0.00000     0.00000     0.00000    -0.14292
    10.01677    -0.05964    -0.02560    -0.05336    -0.02560     0.00000     0.00000     0.00000     0.00000     0.00000    -0.16420
    10.21677    -0.03996    -0.02424    -0.06396    -0.02424     0.00000     0.00000     0.00000     0.00000     0.00000    -0.15240
    10.41777    -0.04176    -0.02912    -0.05368    -0.02912     0.00000     0.00000     0.00000     0.00000     0.00000    -0.15368
    10.61777    -0.11528    -0.07694    -0.03850    -0.07694     0.00000     0.00000     0.00000     0.00000     0.00000    -0.30766
    10.81877    -0.11324    -0.12952    -0.05910    -0.12952     0.00000     0.00000     0.00000     0.00000     0.00000    -0.43138
    11.01977    -0.06888    -0.15680    -0.04872    -0.15680     0.00000     0.00000     0.00000     0.00000     0.00000    -0.43120
    11.21977    -0.05814    -0.11630    -0.06814    -0.11630     0.00000     0.00000     0.00000     0.00000     0.00000    -0.35888
    11.42077    -0.05810    -0.08760    -0.10060    -0.08760     0.00000     0.00000     0.00000     0.00000     0.00000    -0.33390
    11.62077    -0.10426    -0.10486    -0.07930    -0.10486     0.00000     0.00000     0.00000     0.00000     0.00000    -0.39328
    11.82177    -0.03986    -0.02534    -0.06818    -0.02534     0.00000     0.00000     0.00000     0.00000     0.00000    -0.15872
    12.02277    -0.02320    -0.05858    -0.07456    -0.05858     0.00000     0.00000     0.00000     0.00000     0.00000    -0.21492
    12.22277    -0.05958    -0.06496    -0.07762    -0.06496     0.00000     0.00000     0.00000     0.00000     0.00000    -0.26712
    12.42377    -0.04254    -0.03990    -0.07382    -0.03990     0.00000     0.00000     0.00000     0.00000     0.00000    -0.19616
    12.62377    -0.03604    -0.03580    -0.04556    -0.03580     0.00000     0.00000     0.00000     0.00000     0.00000    -0.15320
    12.82477    -0.05950    -0.05786    -0.05688    -0.05786     0.00000     0.00000     0.00000     0.00000     0.00000    -0.23210
    13.02477    -0.07400    -0.04736    -0.04362    -0.04736     0.00000     0.00000     0.00000     0.00000     0.00000    -0.21234
    13.22577    -0.03140    -0.01765    -0.03038    -0.01765     0.00000     0.00000     0.00000     0.00000     0.00000    -0.09708
    13.42677    -0.02678    -0.02212    -0.03090    -0.02212     0.00000     0.00000     0.00000     0.00000     0.00000    -0.10192
    13.62677    -0.04808    -0.04838    -0.05162    -0.04838     0.00000     0.00000     0.00000     0.00000     0.00000    -0.19646
    13.82777    -0.07212    -0.03612    -0.07408    -0.03612     0.00000     0.00000     0.00000     0.00000     0.00000    -0.21844
    14.02777    -0.05036    -0.03444    -0.07756    -0.03444     0.00000     0.00000     0.00000     0.00000     0.00000    -0.19680
    14.22877    -0.08032    -0.06780    -0.04390    -0.06780     0.00000     0.00000     0.00000     0.00000     0.00000    -0.25982
    14.42977    -0.08710    -0.08070    -0.03038    -0.08070     0.00000     0.00000     0.00000     0.00000     0.00000    -0.27888
    14.62977    -0.06242    -0.07470    -0.02522    -0.07470     0.00000     0.00000     0.00000     0.00000     0.00000    -0.23704
    14.83077    -0.04284    -0.04088    -0.02584    -0.04088     0.00000     0.00000     0.00000     0.00000     0.00000    -0.15044
    15.03077    -0.03066    -0.04340    -0.02372    -0.04340     0.00000     0.00000     0.00000     0.00000     0.00000    -0.14118
    15.23177    -0.03536    -0.04064    -0.02482    -0.04064     0.00000     0.00000     0.00000     0.00000     0.00000    -0.14146
    15.43177    -0.04658    -0.03756    -0.02300    -0.03756     0.00000     0.00000     0.00000     0.00000     0.00000    -0.14470
    15.63277    -0.04730    -0.03802    -0.01948    -0.03802     0.00000     0.00000     0.00000     0.00000     0.00000    -0.14282
    15.83377    -0.03308    -0.04914    -0.02276    -0.04914     0.00000     0.00000     0.00000     0.00000     0.00000    -0.15412
    16.03377    -0.05350    -0.06394    -0.02390    -0.06394     0.00000     0.00000     0.00000     0.00000     0.00000    -0.20528
    16.23477    -0.04466    -0.05734    -0.02548    -0.05734     0.00000     0.00000     0.00000     0.00000     0.00000    -0.18482
    16.43477    -0.03970    -0.04134    -0.01920    -0.04134     0.00000     0.00000     0.00000     0.00000     0.00000    -0.14158
    16.63577    -0.02870    -0.04768    -0.02178    -0.04768     0.00000     0.00000     0.00000     0.00000     0.00000    -0.14584
    16.83577    -0.02806    -0.05350    -0.01999    -0.05350     0.00000     0.00000     0.00000     0.00000     0.00000    -0.15505
    17.03677    -0.03078    -0.03106    -0.01682    -0.03106     0.00000     0.00000     0.00000     0.00000     0.00000    -0.10972
    17.23777    -0.03554    -0.03050    -0.01797    -0.03050     0.00000     0.00000     0.00000     0.00000     0.00000    -0.11451
    17.43777    -0.03992    -0.04096    -0.01085    -0.04096     0.00000     0.00000     0.00000     0.00000     0.00000    -0.13269
    17.63877    -0.03770    -0.02792    -0.01804    -0.02792     0.00000     0.00000     0.00000     0.00000     0.00000    -0.11158
    17.83877    -0.03078    -0.04412    -0.01580    -0.04412     0.00000     0.00000     0.00000     0.00000     0.00000    -0.13482
    18.03977    -0.03834    -0.04696    -0.01507    -0.04696     0.00000     0.00000     0.00000     0.00000     0.00000    -0.14733
    18.24077    -0.03510    -0.04704    -0.01522    -0.04704     0.00000     0.00000     0.00000     0.00000     0.00000    -0.14440
    18.44077    -0.04294    -0.05396    -0.01634    -0.05396     0.00000     0.00000     0.00000     0.00000     0.00000    -0.16720
    18.64177    -0.05100    -0.06808    -0.01871    -0.06808     0.00000     0.00000     0.00000     0.00000     0.00000    -0.20587
    18.84177    -0.06692    -0.08104    -0.02268    -0.08104     0.00000     0.00000     0.00000     0.00000     0.00000    -0.25168
    19.04277    -0.05656    -0.08726    -0.03272    -0.08726     0.00000     0.00000     0.00000     0.00000     0.00000    -0.26380
    19.24277    -0.04664    -0.08572    -0.03114    -0.08572     0.00000     0.00000     0.00000     0.00000     0.00000    -0.24922
    19.44377    -0.02934    -0.06280    -0.02814    -0.06280     0.00000     0.00000     0.00000     0.00000     0.00000    -0.18308
    19.64477    -0.02712    -0.07192    -0.03626    -0.07192     0.00000     0.00000     0.00000     0.00000     0.00000    -0.20722
    19.84477    -0.02172    -0.06652    -0.02640    -0.06652     0.00000     0.00000     0.00000     0.00000     0.00000    -0.18116
    20.04577    -0.02690    -0.06674    -0.03026    -0.06674     0.00000     0.00000     0.00000     0.00000     0.00000    -0.19064
    20.24577    -0.01773    -0.03358    -0.03098    -0.03358     0.00000     0.00000     0.00000     0.00000     0.00000    -0.11587
    20.44677    -0.01398    -0.05262    -0.02836    -0.05262     0.00000     0.00000     0.00000     0.00000     0.00000    -0.14758
    20.64777    -0.01210    -0.06422    -0.02332    -0.06422     0.00000     0.00000     0.00000     0.00000     0.00000    -0.16386
    20.84777    -0.01015    -0.05578    -0.02578    -0.05578     0.00000     0.00000     0.00000     0.00000     0.00000    -0.14749
    21.04877    -0.01160    -0.06966    -0.02776    -0.06966     0.00000     0.00000     0.00000     0.00000     0.00000    -0.17868
    21.24877    -0.01038    -0.01913    -0.02254    -0.01913     0.00000     0.00000     0.00000     0.00000     0.00000    -0.07117
    21.44977    -0.00821    -0.00908    -0.02258    -0.00908     0.00000     0.00000     0.00000     0.00000     0.00000    -0.04895
    21.64977    -0.00827    -0.00976    -0.02362    -0.00976     0.00000     0.00000     0.00000     0.00000     0.00000    -0.05141
    21.85077    -0.00782    -0.00918    -0.01904    -0.00918     0.00000     0.00000     0.00000     0.00000     0.00000    -0.04521
    22.05177    -0.00594    -0.01275    -0.01499    -0.01275     0.00000     0.00000     0.00000     0.00000     0.00000    -0.04642
    22.25177    -0.00616    -0.02146    -0.01970    -0.02146     0.00000     0.00000     0.00000     0.00000     0.00000    -0.06878
    22.45277    -0.00603    -0.01778    -0.02160    -0.01778     0.00000     0.00000     0.00000     0.00000     0.00000    -0.06320
    22.65277    -0.00939    -0.01549    -0.01689    -0.01549     0.00000     0.00000     0.00000     0.00000     0.00000    -0.05726
    22.85377    -0.01883    -0.02312    -0.01352    -0.02312     0.00000     0.00000     0.00000     0.00000     0.00000    -0.07859
    23.05377    -0.02976    -0.02524    -0.01100    -0.02524     0.00000     0.00000     0.00000     0.00000     0.00000    -0.09124
    23.25477    -0.02474    -0.02534    -0.00749    -0.02534     0.00000     0.00000     0.00000     0.00000     0.00000    -0.08291
    23.45577    -0.02034    -0.02732    -0.01308    -0.02732     0.00000     0.00000     0.00000     0.00000     0.00000    -0.08806
    23.65577    -0.02432    -0.03542    -0.01843    -0.03542     0.00000     0.00000     0.00000     0.00000     0.00000    -0.11359
    23.85677    -0.01984    -0.02874    -0.01398    -0.02874     0.00000     0.00000     0.00000     0.00000     0.00000    -0.09130
    24.05677    -0.01730    -0.02812    -0.01574    -0.02812     0.00000     0.00000     0.00000     0.00000     0.00000    -0.08928
    24.25777    -0.03112    -0.03536    -0.02014    -0.03536     0.00000     0.00000     0.00000     0.00000     0.00000    -0.12198
    24.45877    -0.03234    -0.03986    -0.02608    -0.03986     0.00000     0.00000     0.00000     0.00000     0.00000    -0.13814
    24.65877    -0.05712    -0.05678    -0.02714    -0.05678     0.00000     0.00000     0.00000     0.00000     0.00000    -0.19782
    24.85977    -0.04652    -0.03896    -0.02100    -0.03896     0.00000     0.00000     0.00000     0.00000     0.00000    -0.14544
    25.05977    -0.05000    -0.03614    -0.01731    -0.03614     0.00000     0.00000     0.00000     0.00000     0.00000    -0.13959
    25.26077    -0.07110    -0.04202    -0.01434    -0.04202     0.00000     0.00000     0.00000     0.00000     0.00000    -0.16948
    25.46077    -0.06042    -0.03254    -0.01445    -0.03254     0.00000     0.00000     0.00000     0.00000     0.00000    -0.13995
    25.66177    -0.03192    -0.01467    -0.00980    -0.01467     0.00000     0.00000     0.00000     0.00000     0.00000    -0.07106
    25.86277    -0.04136    -0.02378    -0.01740    -0.02378     0.00000     0.00000     0.00000     0.00000     0.00000    -0.10632
    26.06277    -0.05490    -0.03876    -0.02210    -0.03876     0.00000     0.00000     0.00000     0.00000     0.00000    -0.15452
    26.26377    -0.04630    -0.04946    -0.02706    -0.04946     0.00000     0.00000     0.00000     0.00000     0.00000    -0.17228
    26.46377    -0.03814    -0.05052    -0.03446    -0.05052     0.00000     0.00000     0.00000     0.00000     0.00000    -0.17364
    26.66477    -0.03848    -0.09080    -0.04142    -0.09080     0.00000     0.00000     0.00000     0.00000     0.00000    -0.26150
    26.86577    -0.03178    -0.14600    -0.05114    -0.14600     0.00000     0.00000     0.00000     0.00000     0.00000    -0.37492
    27.06577    -0.02974    -0.16164    -0.04738    -0.16164     0.00000     0.00000     0.00000     0.00000     0.00000    -0.40040
    27.26677    -0.02794    -0.12770    -0.03072    -0.12770     0.00000     0.00000     0.00000     0.00000     0.00000    -0.31406
    27.46677    -0.02498    -0.09442    -0.02672    -0.09442     0.00000     0.00000     0.00000     0.00000     0.00000    -0.24054
    27.66777    -0.03180    -0.11358    -0.03080    -0.11358     0.00000     0.00000     0.00000     0.00000     0.00000    -0.28976
    27.86777    -0.03342    -0.10130    -0.03572    -0.10130     0.00000     0.00000     0.00000     0.00000     0.00000    -0.27174
    28.06877    -0.03238    -0.10108    -0.03698    -0.10108     0.00000     0.00000     0.00000     0.00000     0.00000    -0.27152
    28.26977    -0.03770    -0.10054    -0.04564    -0.10054     0.00000     0.00000     0.00000     0.00000     0.00000    -0.28442
    28.46977    -0.02052    -0.04290    -0.04380    -0.04290     0.00000     0.00000     0.00000     0.00000     0.00000    -0.15012
    28.67077    -0.01512    -0.04568    -0.05398    -0.04568     0.00000     0.00000     0.00000     0.00000     0.00000    -0.16046
    28.87077    -0.01675    -0.05098    -0.04382    -0.05098     0.00000     0.00000     0.00000     0.00000     0.00000    -0.16253
    29.07177    -0.01910    -0.04988    -0.03904    -0.04988     0.00000     0.00000     0.00000     0.00000     0.00000    -0.15790
    29.27177    -0.01892    -0.04242    -0.03276    -0.04242     0.00000     0.00000     0.00000     0.00000     0.00000    -0.13652
    29.47277    -0.01726    -0.02566    -0.03686    -0.02566     0.00000     0.00000     0.00000     0.00000     0.00000    -0.10544
    29.67377    -0.02012    -0.02424    -0.03942    -0.02424     0.00000     0.00000     0.00000     0.00000     0.00000    -0.10802
    29.87377    -0.01084    -0.01845    -0.03944    -0.01845     0.00000     0.00000     0.00000     0.00000     0.00000    -0.08718
    30.07477    -0.01448    -0.02128    -0.03604    -0.02128     0.00000     0.00000     0.00000     0.00000     0.00000    -0.09308
    30.27477    -0.01739    -0.02338    -0.02216    -0.02338     0.00000     0.00000     0.00000     0.00000     0.00000    -0.08631
    30.47577    -0.01379    -0.02024    -0.01705    -0.02024     0.00000     0.00000     0.00000     0.00000     0.00000    -0.07132
    30.67677    -0.01307    -0.02036    -0.01618    -0.02036     0.00000     0.00000     0.00000     0.00000     0.00000    -0.06997
    30.87677    -0.01274    -0.01523    -0.01055    -0.01523     0.00000     0.00000     0.00000     0.00000     0.00000    -0.05374
    31.07777    -0.01145    -0.01564    -0.01474    -0.01564     0.00000     0.00000     0.00000     0.00000     0.00000    -0.05746
    31.27777    -0.00911    -0.01300    -0.01204    -0.01300     0.00000     0.00000     0.00000     0.00000     0.00000    -0.04715
    31.47877    -0.00899    -0.01146    -0.00886    -0.01146     0.00000     0.00000     0.00000     0.00000     0.00000    -0.04078
    31.67877    -0.00818    -0.00956    -0.00864    -0.00956     0.00000     0.00000     0.00000     0.00000     0.00000    -0.03593
    31.87977    -0.00823    -0.00825    -0.00962    -0.00825     0.00000     0.00000     0.00000     0.00000     0.00000    -0.03436
    32.08077    -0.01032    -0.00884    -0.01193    -0.00884     0.00000     0.00000     0.00000     0.00000     0.00000    -0.03993
    32.28077    -0.01066    -0.00721    -0.01470    -0.00721     0.00000     0.00000     0.00000     0.00000     0.00000    -0.03977
    32.48177    -0.01013    -0.00670    -0.01120    -0.00670     0.00000     0.00000     0.00000     0.00000     0.00000    -0.03472
    32.68177    -0.00849    -0.00677    -0.01531    -0.00677     0.00000     0.00000     0.00000     0.00000     0.00000    -0.03733
    32.88277    -0.00658    -0.00599    -0.01128    -0.00599     0.00000     0.00000     0.00000     0.00000     0.00000    -0.02983
    33.08377    -0.00625    -0.00550    -0.01480    -0.00550     0.00000     0.00000     0.00000     0.00000     0.00000    -0.03205
    33.28377    -0.00806    -0.00631    -0.01432    -0.00631     0.00000     0.00000     0.00000     0.00000     0.00000    -0.03499
    33.48477    -0.00536    -0.00471    -0.01333    -0.00471     0.00000     0.00000     0.00000     0.00000     0.00000    -0.02810
    33.68477    -0.00423    -0.00367    -0.01176    -0.00367     0.00000     0.00000     0.00000     0.00000     0.00000    -0.02333
    33.88577    -0.00397    -0.00310    -0.00741    -0.00310     0.00000     0.00000     0.00000     0.00000     0.00000    -0.01757
    34.08577    -0.00390    -0.00268    -0.00669    -0.00268     0.00000     0.00000     0.00000     0.00000     0.00000    -0.01596
    34.28677    -0.00659    -0.00276    -0.00903    -0.00276     0.00000     0.00000     0.00000     0.00000     0.00000    -0.02115
    34.48777    -0.00619    -0.00185    -0.00656    -0.00185     0.00000     0.00000     0.00000     0.00000     0.00000    -0.01646
    34.68777    -0.00156    -0.00060    -0.00216    -0.00060     0.00000     0.00000     0.00000     0.00000     0.00000    -0.00492
    34.88877    -0.00037    -0.00016    -0.00094    -0.00016     0.00000     0.00000     0.00000     0.00000     0.00000    -0.00163
    35.08877    -0.00020    -0.00015    -0.00043    -0.00015     0.00000     0.00000     0.00000     0.00000     0.00000    -0.00093
    35.28977    -0.00022    -0.00009    -0.00030    -0.00009     0.00000     0.00000     0.00000     0.00000     0.00000    -0.00069
    35.48977    -0.00007    -0.00012    -0.00016    -0.00012     0.00000     0.00000     0.00000     0.00000     0.00000    -0.00048
    35.69077    -0.00012    -0.00013    -0.00030    -0.00013     0.00000     0.00000     0.00000     0.00000     0.00000    -0.00069
    35.89177    -0.00002    -0.00006    -0.00115    -0.00006     0.00000     0.00000     0.00000     0.00000     0.00000    -0.00130
    36.09177    -0.00008    -0.00002    -0.00157    -0.00002     0.00000     0.00000     0.00000     0.00000     0.00000    -0.00168
    36.29277    -0.00018    -0.00003    -0.00338    -0.00003     0.00000     0.00000     0.00000     0.00000     0.00000    -0.00362
    36.49277    -0.00023    -0.00005    -0.00127    -0.00005     0.00000     0.00000     0.00000     0.00000     0.00000    -0.00161
    36.69377    -0.00014    -0.00005    -0.00042    -0.00005     0.00000     0.00000     0.00000     0.00000     0.00000    -0.00067
    36.89477    -0.00001    -0.00000    -0.00002    -0.00000     0.00000     0.00000     0.00000     0.00000     0.00000    -0.00003
    37.09477    -0.00000    -0.00000    -0.00000    -0.00000     0.00000     0.00000     0.00000     0.00000     0.00000    -0.00000
    37.29577    -0.00000    -0.00000    -0.00000    -0.00000     0.00000     0.00000     0.00000     0.00000     0.00000    -0.00000
    37.49577     0.00000     0.00000     0.00000     0.00000     0.00000     0.00000     0.00000     0.00000     0.00000     0.00000
    37.69677     0.00000     0.00000     0.00000     0.00000     0.00000     0.00000     0.00000     0.00000     0.00000     0.00000
    37.89677     0.00000     0.00000     0.00000     0.00000     0.00000     0.00000     0.00000     0.00000     0.00000     0.00000
    38.09777     0.00000     0.00000     0.00000     0.00000     0.00000     0.00000     0.00000     0.00000     0.00000     0.00000
    38.29877     0.00000     0.00000     0.00000     0.00000     0.00000     0.00000     0.00000     0.00000     0.00000     0.00000
    38.49877     0.00000     0.00000     0.00000     0.00000     0.00000     0.00000     0.00000     0.00000     0.00000     0.00000
    38.69977     0.00000     0.00000     0.00000     0.00000     0.00000     0.00000     0.00000     0.00000     0.00000     0.00000
    38.89977     0.00000     0.00000     0.00000     0.00000     0.00000     0.00000     0.00000     0.00000     0.00000     0.00000
    39.10077     0.00000     0.00000     0.00000     0.00000     0.00000     0.00000     0.00000     0.00000     0.00000     0.00000
    39.30177     0.00000     0.00000     0.00000     0.00000     0.00000     0.00000     0.00000     0.00000     0.00000     0.00000
