     #Energy           s          py          pz          px         dxy         dyz         dz2         dxz         dx2       tot  
   -20.87323     0.00000     0.00000     0.00000     0.00000     0.00000     0.00000     0.00000     0.00000     0.00000     0.00000
   -20.67223     0.00000     0.00000     0.00000     0.00000     0.00000     0.00000     0.00000     0.00000     0.00000     0.00000
   -20.47223     0.00000     0.00000     0.00000     0.00000     0.00000     0.00000     0.00000     0.00000     0.00000     0.00000
   -20.27123     0.00000     0.00000     0.00000     0.00000     0.00000     0.00000     0.00000     0.00000     0.00000     0.00000
   -20.07023     0.00000     0.00000     0.00000     0.00000     0.00000     0.00000     0.00000     0.00000     0.00000     0.00000
   -19.87023     0.00000     0.00000     0.00000     0.00000     0.00000     0.00000     0.00000     0.00000     0.00000     0.00000
   -19.66923     0.00000     0.00000     0.00000     0.00000     0.00000     0.00000     0.00000     0.00000     0.00000     0.00000
   -19.46923     0.00000     0.00000     0.00000     0.00000     0.00000     0.00000     0.00000     0.00000     0.00000     0.00000
   -19.26823     0.00000     0.00000     0.00000     0.00000     0.00000     0.00000     0.00000     0.00000     0.00000     0.00000
   -19.06723     0.00000     0.00000     0.00000     0.00000     0.00000     0.00000     0.00000     0.00000     0.00000     0.00000
   -18.86723     0.00000     0.00000     0.00000     0.00000     0.00000     0.00000     0.00000     0.00000     0.00000     0.00000
   -18.66623     0.00000     0.00000     0.00000     0.00000     0.00000     0.00000     0.00000     0.00000     0.00000     0.00000
   -18.46623     0.00000     0.00000     0.00000     0.00000     0.00000     0.00000     0.00000     0.00000     0.00000     0.00000
   -18.26523     0.00100     0.00000     0.00000     0.00000     0.00000     0.00000     0.00000     0.00000     0.00000     0.00100
   -18.06523     0.06934     0.00005     0.00000     0.00005     0.00000     0.00000     0.00000     0.00000     0.00000     0.06944
   -17.86423     0.18822     0.00042     0.00000     0.00042     0.00000     0.00000     0.00000     0.00000     0.00000     0.18905
   -17.66323     0.19270     0.00078     0.00000     0.00078     0.00000     0.00000     0.00000     0.00000     0.00000     0.19427
   -17.46323     0.20520     0.00136     0.00000     0.00136     0.00000     0.00000     0.00000     0.00000     0.00000     0.20792
   -17.26223     0.21600     0.00172     0.00000     0.00172     0.00000     0.00000     0.00000     0.00000     0.00000     0.21944
   -17.06223     0.18014     0.00176     0.00000     0.00176     0.00000     0.00000     0.00000     0.00000     0.00000     0.18367
   -16.86123     0.25460     0.00291     0.00000     0.00291     0.00000     0.00000     0.00000     0.00000     0.00000     0.26041
   -16.66123     0.23260     0.00282     0.00000     0.00282     0.00000     0.00000     0.00000     0.00000     0.00000     0.23825
   -16.46023     0.20120     0.00261     0.00000     0.00261     0.00000     0.00000     0.00000     0.00000     0.00000     0.20642
   -16.25923     0.24760     0.00335     0.00000     0.00335     0.00000     0.00000     0.00000     0.00000     0.00000     0.25430
   -16.05923     0.32380     0.00439     0.00000     0.00439     0.00000     0.00000     0.00000     0.00000     0.00000     0.33259
   -15.85823     0.27480     0.00352     0.00000     0.00352     0.00000     0.00000     0.00000     0.00000     0.00000     0.28184
   -15.65823     0.23720     0.00287     0.00000     0.00287     0.00000     0.00000     0.00000     0.00000     0.00000     0.24293
   -15.45723     0.44540     0.00478     0.00000     0.00478     0.00000     0.00000     0.00000     0.00000     0.00000     0.45497
   -15.25623     0.44360     0.00367     0.00000     0.00367     0.00000     0.00000     0.00000     0.00000     0.00000     0.45094
   -15.05623     0.57480     0.00293     0.00000     0.00293     0.00000     0.00000     0.00000     0.00000     0.00000     0.58066
   -14.85523     0.69900     0.00244     0.00000     0.00244     0.00000     0.00000     0.00000     0.00000     0.00000     0.70388
   -14.65523     0.39060     0.00120     0.00000     0.00120     0.00000     0.00000     0.00000     0.00000     0.00000     0.39300
   -14.45423     0.28440     0.00033     0.00000     0.00033     0.00000     0.00000     0.00000     0.00000     0.00000     0.28506
   -14.25423     0.02436     0.00002     0.00000     0.00002     0.00000     0.00000     0.00000     0.00000     0.00000     0.02439
   -14.05323     0.00001     0.00000     0.00000     0.00000     0.00000     0.00000     0.00000     0.00000     0.00000     0.00001
   -13.85223     0.00000     0.00000     0.00000     0.00000     0.00000     0.00000     0.00000     0.00000     0.00000     0.00000
   -13.65223     0.00000     0.00000     0.00000     0.00000     0.00000     0.00000     0.00000     0.00000     0.00000     0.00000
   -13.45123     0.00000     0.00000     0.00000     0.00000     0.00000     0.00000     0.00000     0.00000     0.00000     0.00000
   -13.25123     0.00000     0.00000     0.00000     0.00000     0.00000     0.00000     0.00000     0.00000     0.00000     0.00000
   -13.05023     0.00000     0.00000     0.00000     0.00000     0.00000     0.00000     0.00000     0.00000     0.00000     0.00000
   -12.84923     0.00000     0.00000     0.00000     0.00000     0.00000     0.00000     0.00000     0.00000     0.00000     0.00000
   -12.64923     0.00000     0.00000     0.00000     0.00000     0.00000     0.00000     0.00000     0.00000     0.00000     0.00000
   -12.44823     0.00000     0.00000     0.00000     0.00000     0.00000     0.00000     0.00000     0.00000     0.00000     0.00000
   -12.24823     0.00000     0.00000     0.00000     0.00000     0.00000     0.00000     0.00000     0.00000     0.00000     0.00000
   -12.04723     0.00000     0.00000     0.00000     0.00000     0.00000     0.00000     0.00000     0.00000     0.00000     0.00000
   -11.84723     0.00000     0.00000     0.00000     0.00000     0.00000     0.00000     0.00000     0.00000     0.00000     0.00000
   -11.64623     0.00000     0.00000     0.00000     0.00000     0.00000     0.00000     0.00000     0.00000     0.00000     0.00000
   -11.44523     0.00000     0.00000     0.00000     0.00000     0.00000     0.00000     0.00000     0.00000     0.00000     0.00000
   -11.24523     0.00000     0.00000     0.00000     0.00000     0.00000     0.00000     0.00000     0.00000     0.00000     0.00000
   -11.04423     0.00000     0.00000     0.00000     0.00000     0.00000     0.00000     0.00000     0.00000     0.00000     0.00000
   -10.84423     0.00000     0.00000     0.00000     0.00000     0.00000     0.00000     0.00000     0.00000     0.00000     0.00000
   -10.64323     0.00000     0.00000     0.00000     0.00000     0.00000     0.00000     0.00000     0.00000     0.00000     0.00000
   -10.44323     0.00000     0.00000     0.00000     0.00000     0.00000     0.00000     0.00000     0.00000     0.00000     0.00000
   -10.24223     0.00000     0.00000     0.00000     0.00000     0.00000     0.00000     0.00000     0.00000     0.00000     0.00000
   -10.04123     0.00000     0.00000     0.00000     0.00000     0.00000     0.00000     0.00000     0.00000     0.00000     0.00000
    -9.84123     0.00000     0.00000     0.00000     0.00000     0.00000     0.00000     0.00000     0.00000     0.00000     0.00000
    -9.64023     0.00000     0.00000     0.00000     0.00000     0.00000     0.00000     0.00000     0.00000     0.00000     0.00000
    -9.44023     0.00006     0.00269     0.00000     0.00269     0.00000     0.00000     0.00000     0.00000     0.00000     0.00543
    -9.23923     0.00198     0.08076     0.00000     0.08076     0.00000     0.00000     0.00000     0.00000     0.00000     0.16351
    -9.03823     0.00436     0.09750     0.00001     0.09750     0.00000     0.00000     0.00000     0.00000     0.00000     0.19936
    -8.83823     0.01046     0.15210     0.00001     0.15210     0.00000     0.00000     0.00000     0.00000     0.00000     0.31466
    -8.63723     0.01175     0.13658     0.00001     0.13658     0.00000     0.00000     0.00000     0.00000     0.00000     0.28492
    -8.43723     0.01669     0.16122     0.00001     0.16122     0.00000     0.00000     0.00000     0.00000     0.00000     0.33914
    -8.23623     0.02448     0.15756     0.00001     0.15756     0.00000     0.00000     0.00000     0.00000     0.00000     0.33961
    -8.03623     0.01620     0.07182     0.00000     0.07182     0.00000     0.00000     0.00000     0.00000     0.00000     0.15985
    -7.83523     0.01387     0.05372     0.00000     0.05372     0.00000     0.00000     0.00000     0.00000     0.00000     0.12131
    -7.63423     0.03850     0.13714     0.00001     0.13714     0.00000     0.00000     0.00000     0.00000     0.00000     0.31279
    -7.43423     0.00598     0.05524     0.00000     0.05524     0.00000     0.00000     0.00000     0.00000     0.00000     0.11646
    -7.23323     0.01782     0.08892     0.00001     0.08892     0.00000     0.00000     0.00000     0.00000     0.00000     0.19567
    -7.03323     0.01163     0.07388     0.00001     0.07388     0.00000     0.00000     0.00000     0.00000     0.00000     0.15939
    -6.83223     0.03026     0.11490     0.00002     0.11490     0.00000     0.00000     0.00000     0.00000     0.00000     0.26008
    -6.63123     0.01765     0.10452     0.00001     0.10452     0.00000     0.00000     0.00000     0.00000     0.00000     0.22671
    -6.43123     0.01399     0.11618     0.00002     0.11618     0.00000     0.00000     0.00000     0.00000     0.00000     0.24636
    -6.23023     0.00673     0.08066     0.00077     0.08066     0.00000     0.00000     0.00000     0.00000     0.00000     0.16882
    -6.03023     0.02808     0.13680     0.01410     0.13680     0.00000     0.00000     0.00000     0.00000     0.00000     0.31578
    -5.82923     0.00820     0.12086     0.03032     0.12086     0.00000     0.00000     0.00000     0.00000     0.00000     0.28024
    -5.62923     0.01287     0.08484     0.04558     0.08484     0.00000     0.00000     0.00000     0.00000     0.00000     0.22813
    -5.42823     0.01397     0.15502     0.05418     0.15502     0.00000     0.00000     0.00000     0.00000     0.00000     0.37819
    -5.22723     0.01887     0.18338     0.07866     0.18338     0.00000     0.00000     0.00000     0.00000     0.00000     0.46429
    -5.02723     0.01498     0.13158     0.09732     0.13158     0.00000     0.00000     0.00000     0.00000     0.00000     0.37546
    -4.82623     0.00341     0.18650     0.09862     0.18650     0.00000     0.00000     0.00000     0.00000     0.00000     0.47503
    -4.62623     0.01301     0.25780     0.09002     0.25780     0.00000     0.00000     0.00000     0.00000     0.00000     0.61863
    -4.42523     0.00537     0.20860     0.10656     0.20860     0.00000     0.00000     0.00000     0.00000     0.00000     0.52913
    -4.22523     0.01112     0.23940     0.11494     0.23940     0.00000     0.00000     0.00000     0.00000     0.00000     0.60486
    -4.02423     0.00938     0.11368     0.10704     0.11368     0.00000     0.00000     0.00000     0.00000     0.00000     0.34378
    -3.82323     0.00773     0.17490     0.10630     0.17490     0.00000     0.00000     0.00000     0.00000     0.00000     0.46383
    -3.62323     0.00062     0.14998     0.11778     0.14998     0.00000     0.00000     0.00000     0.00000     0.00000     0.41836
    -3.42223     0.00775     0.10284     0.13022     0.10284     0.00000     0.00000     0.00000     0.00000     0.00000     0.34365
    -3.22223     0.00286     0.09364     0.13196     0.09364     0.00000     0.00000     0.00000     0.00000     0.00000     0.32210
    -3.02123     0.00251     0.11688     0.12464     0.11688     0.00000     0.00000     0.00000     0.00000     0.00000     0.36091
    -2.82023     0.00362     0.14122     0.15804     0.14122     0.00000     0.00000     0.00000     0.00000     0.00000     0.44410
    -2.62023     0.00482     0.10192     0.14068     0.10192     0.00000     0.00000     0.00000     0.00000     0.00000     0.34934
    -2.41923     0.00016     0.05674     0.14722     0.05674     0.00000     0.00000     0.00000     0.00000     0.00000     0.26086
    -2.21923     0.00128     0.12818     0.19850     0.12818     0.00000     0.00000     0.00000     0.00000     0.00000     0.45614
    -2.01823     0.00064     0.06858     0.18138     0.06858     0.00000     0.00000     0.00000     0.00000     0.00000     0.31918
    -1.81823     0.00040     0.07586     0.24960     0.07586     0.00000     0.00000     0.00000     0.00000     0.00000     0.40172
    -1.61723     0.00004     0.00357     0.27340     0.00357     0.00000     0.00000     0.00000     0.00000     0.00000     0.28058
    -1.41623     0.00004     0.00005     0.29900     0.00005     0.00000     0.00000     0.00000     0.00000     0.00000     0.29914
    -1.21623     0.00003     0.00007     0.38920     0.00007     0.00000     0.00000     0.00000     0.00000     0.00000     0.38937
    -1.01523     0.00002     0.00006     0.30540     0.00006     0.00000     0.00000     0.00000     0.00000     0.00000     0.30553
    -0.81523     0.00001     0.00003     0.21920     0.00003     0.00000     0.00000     0.00000     0.00000     0.00000     0.21927
    -0.61423     0.00000     0.00003     0.20040     0.00003     0.00000     0.00000     0.00000     0.00000     0.00000     0.20046
    -0.41323     0.00000     0.00001     0.10758     0.00001     0.00000     0.00000     0.00000     0.00000     0.00000     0.10761
    -0.21323     0.00000     0.00000     0.00246     0.00000     0.00000     0.00000     0.00000     0.00000     0.00000     0.00246
    -0.01223     0.00000     0.00000     0.00000     0.00000     0.00000     0.00000     0.00000     0.00000     0.00000     0.00000
     0.18777     0.00000     0.00000     0.00000     0.00000     0.00000     0.00000     0.00000     0.00000     0.00000     0.00000
     0.38877     0.00000     0.00000     0.00000     0.00000     0.00000     0.00000     0.00000     0.00000     0.00000     0.00000
     0.58877     0.00000     0.00000     0.00000     0.00000     0.00000     0.00000     0.00000     0.00000     0.00000     0.00000
     0.78977     0.00000     0.00000     0.00000     0.00000     0.00000     0.00000     0.00000     0.00000     0.00000     0.00000
     0.99077     0.00000     0.00000     0.00000     0.00000     0.00000     0.00000     0.00000     0.00000     0.00000     0.00000
     1.19077     0.00000     0.00000     0.00000     0.00000     0.00000     0.00000     0.00000     0.00000     0.00000     0.00000
     1.39177     0.00000     0.00000     0.00000     0.00000     0.00000     0.00000     0.00000     0.00000     0.00000     0.00000
     1.59177     0.00000     0.00000     0.00000     0.00000     0.00000     0.00000     0.00000     0.00000     0.00000     0.00000
     1.79277     0.00000     0.00000     0.00000     0.00000     0.00000     0.00000     0.00000     0.00000     0.00000     0.00000
     1.99377     0.00000     0.00000     0.00000     0.00000     0.00000     0.00000     0.00000     0.00000     0.00000     0.00000
     2.19377     0.00000     0.00000     0.00000     0.00000     0.00000     0.00000     0.00000     0.00000     0.00000     0.00000
     2.39477     0.00000     0.00000     0.00000     0.00000     0.00000     0.00000     0.00000     0.00000     0.00000     0.00000
     2.59477     0.00000     0.00000     0.00000     0.00000     0.00000     0.00000     0.00000     0.00000     0.00000     0.00000
     2.79577     0.00000     0.00000     0.00000     0.00000     0.00000     0.00000     0.00000     0.00000     0.00000     0.00000
     2.99577     0.00000     0.00000     0.00000     0.00000     0.00000     0.00000     0.00000     0.00000     0.00000     0.00000
     3.19677     0.00000     0.00000     0.00000     0.00000     0.00000     0.00000     0.00000     0.00000     0.00000     0.00000
     3.39777     0.00000     0.00000     0.00000     0.00000     0.00000     0.00000     0.00000     0.00000     0.00000     0.00000
     3.59777     0.00000     0.00000     0.00000     0.00000     0.00000     0.00000     0.00000     0.00000     0.00000     0.00000
     3.79877     0.00000     0.00000     0.00001     0.00000     0.00000     0.00000     0.00000     0.00000     0.00000     0.00001
     3.99877     0.00009     0.00000     0.00263     0.00000     0.00000     0.00000     0.00000     0.00000     0.00000     0.00272
     4.19977     0.00207     0.00006     0.01782     0.00006     0.00000     0.00000     0.00000     0.00000     0.00000     0.02000
     4.39977     0.00365     0.00016     0.03832     0.00016     0.00000     0.00000     0.00000     0.00000     0.00000     0.04229
     4.60077     0.00606     0.00045     0.06550     0.00045     0.00000     0.00000     0.00000     0.00000     0.00000     0.07245
     4.80177     0.00664     0.00056     0.06916     0.00056     0.00000     0.00000     0.00000     0.00000     0.00000     0.07692
     5.00177     0.00593     0.00061     0.04476     0.00061     0.00000     0.00000     0.00000     0.00000     0.00000     0.05192
     5.20277     0.00892     0.00108     0.06962     0.00108     0.00000     0.00000     0.00000     0.00000     0.00000     0.08070
     5.40277     0.00923     0.00135     0.04930     0.00135     0.00000     0.00000     0.00000     0.00000     0.00000     0.06122
     5.60377     0.00913     0.00130     0.07434     0.00130     0.00000     0.00000     0.00000     0.00000     0.00000     0.08607
     5.80477     0.01042     0.00173     0.07552     0.00173     0.00000     0.00000     0.00000     0.00000     0.00000     0.08940
     6.00477     0.00942     0.00151     0.07130     0.00151     0.00000     0.00000     0.00000     0.00000     0.00000     0.08375
     6.20577     0.01260     0.00260     0.05714     0.00260     0.00000     0.00000     0.00000     0.00000     0.00000     0.07493
     6.40577     0.01406     0.00289     0.08944     0.00289     0.00000     0.00000     0.00000     0.00000     0.00000     0.10927
     6.60677     0.01379     0.00283     0.06688     0.00283     0.00000     0.00000     0.00000     0.00000     0.00000     0.08634
     6.80677     0.01878     0.00436     0.15820     0.00436     0.00000     0.00000     0.00000     0.00000     0.00000     0.18571
     7.00777     0.01385     0.00309     0.10380     0.00309     0.00000     0.00000     0.00000     0.00000     0.00000     0.12384
     7.20877     0.00908     0.00171     0.08678     0.00171     0.00000     0.00000     0.00000     0.00000     0.00000     0.09929
     7.40877     0.00892     0.00214     0.09260     0.00214     0.00000     0.00000     0.00000     0.00000     0.00000     0.10579
     7.60977     0.01075     0.00264     0.08312     0.00264     0.00000     0.00000     0.00000     0.00000     0.00000     0.09914
     7.80977     0.00880     0.00206     0.08458     0.00206     0.00000     0.00000     0.00000     0.00000     0.00000     0.09749
     8.01077     0.01030     0.00286     0.08404     0.00286     0.00000     0.00000     0.00000     0.00000     0.00000     0.10006
     8.21177     0.01060     0.00343     0.06470     0.00343     0.00000     0.00000     0.00000     0.00000     0.00000     0.08217
     8.41177     0.01163     0.00322     0.01789     0.00322     0.00000     0.00000     0.00000     0.00000     0.00000     0.03596
     8.61277     0.01175     0.00323     0.02016     0.00323     0.00000     0.00000     0.00000     0.00000     0.00000     0.03837
     8.81277     0.02602     0.00758     0.02730     0.00758     0.00000     0.00000     0.00000     0.00000     0.00000     0.06848
     9.01377     0.03612     0.00875     0.01862     0.00875     0.00000     0.00000     0.00000     0.00000     0.00000     0.07224
     9.21377     0.03868     0.00734     0.02698     0.00734     0.00000     0.00000     0.00000     0.00000     0.00000     0.08034
     9.41477     0.05780     0.00905     0.02032     0.00905     0.00000     0.00000     0.00000     0.00000     0.00000     0.09623
     9.61577     0.07414     0.01245     0.02552     0.01245     0.00000     0.00000     0.00000     0.00000     0.00000     0.12457
     9.81577     0.05024     0.00997     0.02624     0.00997     0.00000     0.00000     0.00000     0.00000     0.00000     0.09642
    10.01677     0.05738     0.01317     0.03052     0.01317     0.00000     0.00000     0.00000     0.00000     0.00000     0.11424
    10.21677     0.04546     0.01114     0.05018     0.01114     0.00000     0.00000     0.00000     0.00000     0.00000     0.11792
    10.41777     0.05410     0.01744     0.03774     0.01744     0.00000     0.00000     0.00000     0.00000     0.00000     0.12673
    10.61777     0.10178     0.02776     0.02890     0.02776     0.00000     0.00000     0.00000     0.00000     0.00000     0.18620
    10.81877     0.09936     0.03406     0.04626     0.03406     0.00000     0.00000     0.00000     0.00000     0.00000     0.21374
    11.01977     0.06276     0.04324     0.02534     0.04324     0.00000     0.00000     0.00000     0.00000     0.00000     0.17458
    11.21977     0.04502     0.04664     0.04160     0.04664     0.00000     0.00000     0.00000     0.00000     0.00000     0.17990
    11.42077     0.04440     0.04826     0.08692     0.04826     0.00000     0.00000     0.00000     0.00000     0.00000     0.22784
    11.62077     0.06328     0.06254     0.03828     0.06254     0.00000     0.00000     0.00000     0.00000     0.00000     0.22664
    11.82177     0.02196     0.03042     0.04302     0.03042     0.00000     0.00000     0.00000     0.00000     0.00000     0.12582
    12.02277     0.01399     0.04076     0.03436     0.04076     0.00000     0.00000     0.00000     0.00000     0.00000     0.12987
    12.22277     0.02882     0.06280     0.02924     0.06280     0.00000     0.00000     0.00000     0.00000     0.00000     0.18366
    12.42377     0.01900     0.04622     0.02246     0.04622     0.00000     0.00000     0.00000     0.00000     0.00000     0.13390
    12.62377     0.01304     0.04338     0.02070     0.04338     0.00000     0.00000     0.00000     0.00000     0.00000     0.12050
    12.82477     0.01587     0.07094     0.01773     0.07094     0.00000     0.00000     0.00000     0.00000     0.00000     0.17548
    13.02477     0.02164     0.07244     0.01036     0.07244     0.00000     0.00000     0.00000     0.00000     0.00000     0.17688
    13.22577     0.01323     0.02572     0.00589     0.02572     0.00000     0.00000     0.00000     0.00000     0.00000     0.07056
    13.42677     0.01494     0.02016     0.00469     0.02016     0.00000     0.00000     0.00000     0.00000     0.00000     0.05995
    13.62677     0.03336     0.02780     0.00986     0.02780     0.00000     0.00000     0.00000     0.00000     0.00000     0.09882
    13.82777     0.04720     0.02788     0.01910     0.02788     0.00000     0.00000     0.00000     0.00000     0.00000     0.12206
    14.02777     0.03810     0.02822     0.01699     0.02822     0.00000     0.00000     0.00000     0.00000     0.00000     0.11153
    14.22877     0.05900     0.05172     0.00604     0.05172     0.00000     0.00000     0.00000     0.00000     0.00000     0.16848
    14.42977     0.05302     0.06014     0.00252     0.06014     0.00000     0.00000     0.00000     0.00000     0.00000     0.17582
    14.62977     0.04264     0.05382     0.00254     0.05382     0.00000     0.00000     0.00000     0.00000     0.00000     0.15282
    14.83077     0.03660     0.03714     0.00343     0.03714     0.00000     0.00000     0.00000     0.00000     0.00000     0.11431
    15.03077     0.02480     0.03444     0.00427     0.03444     0.00000     0.00000     0.00000     0.00000     0.00000     0.09795
    15.23177     0.02548     0.03746     0.00747     0.03746     0.00000     0.00000     0.00000     0.00000     0.00000     0.10787
    15.43177     0.03144     0.04062     0.00893     0.04062     0.00000     0.00000     0.00000     0.00000     0.00000     0.12161
    15.63277     0.02668     0.03814     0.01684     0.03814     0.00000     0.00000     0.00000     0.00000     0.00000     0.11980
    15.83377     0.01658     0.03912     0.02378     0.03912     0.00000     0.00000     0.00000     0.00000     0.00000     0.11860
    16.03377     0.02010     0.04442     0.01816     0.04442     0.00000     0.00000     0.00000     0.00000     0.00000     0.12710
    16.23477     0.01681     0.04530     0.02060     0.04530     0.00000     0.00000     0.00000     0.00000     0.00000     0.12801
    16.43477     0.01623     0.04244     0.01006     0.04244     0.00000     0.00000     0.00000     0.00000     0.00000     0.11117
    16.63577     0.01164     0.04936     0.02108     0.04936     0.00000     0.00000     0.00000     0.00000     0.00000     0.13144
    16.83577     0.01106     0.05034     0.01380     0.05034     0.00000     0.00000     0.00000     0.00000     0.00000     0.12554
    17.03677     0.01119     0.04000     0.01303     0.04000     0.00000     0.00000     0.00000     0.00000     0.00000     0.10422
    17.23777     0.01279     0.05050     0.02210     0.05050     0.00000     0.00000     0.00000     0.00000     0.00000     0.13589
    17.43777     0.01373     0.06198     0.01979     0.06198     0.00000     0.00000     0.00000     0.00000     0.00000     0.15748
    17.63877     0.01509     0.06908     0.03420     0.06908     0.00000     0.00000     0.00000     0.00000     0.00000     0.18745
    17.83877     0.02616     0.05846     0.02796     0.05846     0.00000     0.00000     0.00000     0.00000     0.00000     0.17104
    18.03977     0.02744     0.05476     0.01901     0.05476     0.00000     0.00000     0.00000     0.00000     0.00000     0.15597
    18.24077     0.02164     0.04540     0.01742     0.04540     0.00000     0.00000     0.00000     0.00000     0.00000     0.12986
    18.44077     0.01866     0.05198     0.01290     0.05198     0.00000     0.00000     0.00000     0.00000     0.00000     0.13552
    18.64177     0.01391     0.05958     0.01573     0.05958     0.00000     0.00000     0.00000     0.00000     0.00000     0.14880
    18.84177     0.02100     0.07284     0.02076     0.07284     0.00000     0.00000     0.00000     0.00000     0.00000     0.18744
    19.04277     0.02270     0.08294     0.02908     0.08294     0.00000     0.00000     0.00000     0.00000     0.00000     0.21766
    19.24277     0.01757     0.08006     0.02636     0.08006     0.00000     0.00000     0.00000     0.00000     0.00000     0.20405
    19.44377     0.01115     0.06152     0.02236     0.06152     0.00000     0.00000     0.00000     0.00000     0.00000     0.15655
    19.64477     0.01215     0.06060     0.01854     0.06060     0.00000     0.00000     0.00000     0.00000     0.00000     0.15188
    19.84477     0.00977     0.05946     0.02160     0.05946     0.00000     0.00000     0.00000     0.00000     0.00000     0.15029
    20.04577     0.00844     0.07046     0.03640     0.07046     0.00000     0.00000     0.00000     0.00000     0.00000     0.18576
    20.24577     0.00670     0.03904     0.02422     0.03904     0.00000     0.00000     0.00000     0.00000     0.00000     0.10900
    20.44677     0.00634     0.05628     0.02388     0.05628     0.00000     0.00000     0.00000     0.00000     0.00000     0.14278
    20.64777     0.00686     0.06814     0.02942     0.06814     0.00000     0.00000     0.00000     0.00000     0.00000     0.17256
    20.84777     0.00530     0.05654     0.02242     0.05654     0.00000     0.00000     0.00000     0.00000     0.00000     0.14080
    21.04877     0.00447     0.07280     0.02718     0.07280     0.00000     0.00000     0.00000     0.00000     0.00000     0.17725
    21.24877     0.00186     0.02816     0.02674     0.02816     0.00000     0.00000     0.00000     0.00000     0.00000     0.08492
    21.44977     0.00110     0.01373     0.02204     0.01373     0.00000     0.00000     0.00000     0.00000     0.00000     0.05060
    21.64977     0.00136     0.01360     0.01187     0.01360     0.00000     0.00000     0.00000     0.00000     0.00000     0.04044
    21.85077     0.00108     0.01001     0.01589     0.01001     0.00000     0.00000     0.00000     0.00000     0.00000     0.03698
    22.05177     0.00135     0.01486     0.01169     0.01486     0.00000     0.00000     0.00000     0.00000     0.00000     0.04275
    22.25177     0.00171     0.02116     0.01493     0.02116     0.00000     0.00000     0.00000     0.00000     0.00000     0.05896
    22.45277     0.00160     0.01755     0.01172     0.01755     0.00000     0.00000     0.00000     0.00000     0.00000     0.04841
    22.65277     0.00199     0.01312     0.00813     0.01312     0.00000     0.00000     0.00000     0.00000     0.00000     0.03634
    22.85377     0.00442     0.01813     0.01068     0.01813     0.00000     0.00000     0.00000     0.00000     0.00000     0.05135
    23.05377     0.00715     0.01723     0.00653     0.01723     0.00000     0.00000     0.00000     0.00000     0.00000     0.04814
    23.25477     0.00605     0.01700     0.00529     0.01700     0.00000     0.00000     0.00000     0.00000     0.00000     0.04533
    23.45577     0.00544     0.01642     0.00734     0.01642     0.00000     0.00000     0.00000     0.00000     0.00000     0.04562
    23.65577     0.00615     0.02152     0.00644     0.02152     0.00000     0.00000     0.00000     0.00000     0.00000     0.05563
    23.85677     0.00605     0.01551     0.00574     0.01551     0.00000     0.00000     0.00000     0.00000     0.00000     0.04281
    24.05677     0.00532     0.01561     0.00649     0.01561     0.00000     0.00000     0.00000     0.00000     0.00000     0.04303
    24.25777     0.00857     0.01784     0.00706     0.01784     0.00000     0.00000     0.00000     0.00000     0.00000     0.05132
    24.45877     0.01020     0.01782     0.00703     0.01782     0.00000     0.00000     0.00000     0.00000     0.00000     0.05287
    24.65877     0.01250     0.03004     0.00702     0.03004     0.00000     0.00000     0.00000     0.00000     0.00000     0.07960
    24.85977     0.00827     0.02014     0.00529     0.02014     0.00000     0.00000     0.00000     0.00000     0.00000     0.05384
    25.05977     0.00569     0.01996     0.00515     0.01996     0.00000     0.00000     0.00000     0.00000     0.00000     0.05077
    25.26077     0.00845     0.02406     0.00462     0.02406     0.00000     0.00000     0.00000     0.00000     0.00000     0.06119
    25.46077     0.00780     0.02650     0.00394     0.02650     0.00000     0.00000     0.00000     0.00000     0.00000     0.06474
    25.66177     0.00623     0.01252     0.00432     0.01252     0.00000     0.00000     0.00000     0.00000     0.00000     0.03559
    25.86277     0.00983     0.01441     0.00667     0.01441     0.00000     0.00000     0.00000     0.00000     0.00000     0.04533
    26.06277     0.01122     0.02016     0.00836     0.02016     0.00000     0.00000     0.00000     0.00000     0.00000     0.05990
    26.26377     0.01094     0.02134     0.00911     0.02134     0.00000     0.00000     0.00000     0.00000     0.00000     0.06273
    26.46377     0.01113     0.01942     0.01162     0.01942     0.00000     0.00000     0.00000     0.00000     0.00000     0.06159
    26.66477     0.01311     0.02670     0.01407     0.02670     0.00000     0.00000     0.00000     0.00000     0.00000     0.08058
    26.86577     0.01264     0.04066     0.02414     0.04066     0.00000     0.00000     0.00000     0.00000     0.00000     0.11810
    27.06577     0.01977     0.04556     0.02436     0.04556     0.00000     0.00000     0.00000     0.00000     0.00000     0.13525
    27.26677     0.02110     0.03284     0.01940     0.03284     0.00000     0.00000     0.00000     0.00000     0.00000     0.10618
    27.46677     0.02032     0.02292     0.02404     0.02292     0.00000     0.00000     0.00000     0.00000     0.00000     0.09020
    27.66777     0.02502     0.02716     0.03174     0.02716     0.00000     0.00000     0.00000     0.00000     0.00000     0.11108
    27.86777     0.02356     0.02630     0.04004     0.02630     0.00000     0.00000     0.00000     0.00000     0.00000     0.11620
    28.06877     0.02254     0.02482     0.04302     0.02482     0.00000     0.00000     0.00000     0.00000     0.00000     0.11520
    28.26977     0.02938     0.02528     0.04776     0.02528     0.00000     0.00000     0.00000     0.00000     0.00000     0.12770
    28.46977     0.01697     0.01091     0.03948     0.01091     0.00000     0.00000     0.00000     0.00000     0.00000     0.07827
    28.67077     0.01663     0.01071     0.05506     0.01071     0.00000     0.00000     0.00000     0.00000     0.00000     0.09311
    28.87077     0.01615     0.01346     0.05432     0.01346     0.00000     0.00000     0.00000     0.00000     0.00000     0.09739
    29.07177     0.01576     0.01371     0.03470     0.01371     0.00000     0.00000     0.00000     0.00000     0.00000     0.07787
    29.27177     0.01265     0.01186     0.02618     0.01186     0.00000     0.00000     0.00000     0.00000     0.00000     0.06255
    29.47277     0.01174     0.00715     0.02680     0.00715     0.00000     0.00000     0.00000     0.00000     0.00000     0.05283
    29.67377     0.01448     0.00771     0.03034     0.00771     0.00000     0.00000     0.00000     0.00000     0.00000     0.06024
    29.87377     0.00712     0.00561     0.02686     0.00561     0.00000     0.00000     0.00000     0.00000     0.00000     0.04521
    30.07477     0.00909     0.00671     0.02036     0.00671     0.00000     0.00000     0.00000     0.00000     0.00000     0.04288
    30.27477     0.01234     0.00828     0.00916     0.00828     0.00000     0.00000     0.00000     0.00000     0.00000     0.03805
    30.47577     0.01164     0.00747     0.00490     0.00747     0.00000     0.00000     0.00000     0.00000     0.00000     0.03149
    30.67677     0.00909     0.00717     0.00379     0.00717     0.00000     0.00000     0.00000     0.00000     0.00000     0.02721
    30.87677     0.00832     0.00538     0.00338     0.00538     0.00000     0.00000     0.00000     0.00000     0.00000     0.02246
    31.07777     0.00861     0.00566     0.00447     0.00566     0.00000     0.00000     0.00000     0.00000     0.00000     0.02440
    31.27777     0.00837     0.00473     0.00556     0.00473     0.00000     0.00000     0.00000     0.00000     0.00000     0.02340
    31.47877     0.00654     0.00369     0.00525     0.00369     0.00000     0.00000     0.00000     0.00000     0.00000     0.01918
    31.67877     0.00595     0.00331     0.00695     0.00331     0.00000     0.00000     0.00000     0.00000     0.00000     0.01953
    31.87977     0.00803     0.00371     0.01006     0.00371     0.00000     0.00000     0.00000     0.00000     0.00000     0.02552
    32.08077     0.01024     0.00361     0.01129     0.00361     0.00000     0.00000     0.00000     0.00000     0.00000     0.02875
    32.28077     0.00799     0.00358     0.01165     0.00358     0.00000     0.00000     0.00000     0.00000     0.00000     0.02681
    32.48177     0.00761     0.00353     0.00984     0.00353     0.00000     0.00000     0.00000     0.00000     0.00000     0.02452
    32.68177     0.00636     0.00392     0.01194     0.00392     0.00000     0.00000     0.00000     0.00000     0.00000     0.02613
    32.88277     0.00432     0.00365     0.01193     0.00365     0.00000     0.00000     0.00000     0.00000     0.00000     0.02354
    33.08377     0.00373     0.00371     0.01231     0.00371     0.00000     0.00000     0.00000     0.00000     0.00000     0.02345
    33.28377     0.00453     0.00388     0.01027     0.00388     0.00000     0.00000     0.00000     0.00000     0.00000     0.02256
    33.48477     0.00334     0.00334     0.01001     0.00334     0.00000     0.00000     0.00000     0.00000     0.00000     0.02004
    33.68477     0.00222     0.00319     0.00837     0.00319     0.00000     0.00000     0.00000     0.00000     0.00000     0.01697
    33.88577     0.00204     0.00302     0.00720     0.00302     0.00000     0.00000     0.00000     0.00000     0.00000     0.01527
    34.08577     0.00218     0.00291     0.00574     0.00291     0.00000     0.00000     0.00000     0.00000     0.00000     0.01375
    34.28677     0.00235     0.00283     0.00728     0.00283     0.00000     0.00000     0.00000     0.00000     0.00000     0.01529
    34.48777     0.00131     0.00226     0.00518     0.00226     0.00000     0.00000     0.00000     0.00000     0.00000     0.01101
    34.68777     0.00029     0.00061     0.00169     0.00061     0.00000     0.00000     0.00000     0.00000     0.00000     0.00320
    34.88877     0.00007     0.00014     0.00061     0.00014     0.00000     0.00000     0.00000     0.00000     0.00000     0.00096
    35.08877     0.00003     0.00013     0.00023     0.00013     0.00000     0.00000     0.00000     0.00000     0.00000     0.00052
    35.28977     0.00002     0.00013     0.00025     0.00013     0.00000     0.00000     0.00000     0.00000     0.00000     0.00054
    35.48977     0.00001     0.00002     0.00007     0.00002     0.00000     0.00000     0.00000     0.00000     0.00000     0.00012
    35.69077     0.00001     0.00004     0.00011     0.00004     0.00000     0.00000     0.00000     0.00000     0.00000     0.00020
    35.89177     0.00000     0.00001     0.00025     0.00001     0.00000     0.00000     0.00000     0.00000     0.00000     0.00027
    36.09177     0.00000     0.00001     0.00036     0.00001     0.00000     0.00000     0.00000     0.00000     0.00000     0.00037
    36.29277     0.00000     0.00001     0.00075     0.00001     0.00000     0.00000     0.00000     0.00000     0.00000     0.00078
    36.49277     0.00000     0.00002     0.00057     0.00002     0.00000     0.00000     0.00000     0.00000     0.00000     0.00061
    36.69377     0.00000     0.00001     0.00032     0.00001     0.00000     0.00000     0.00000     0.00000     0.00000     0.00035
    36.89477     0.00000     0.00000     0.00001     0.00000     0.00000     0.00000     0.00000     0.00000     0.00000     0.00001
    37.09477     0.00000     0.00000     0.00000     0.00000     0.00000     0.00000     0.00000     0.00000     0.00000     0.00000
    37.29577     0.00000     0.00000     0.00000     0.00000     0.00000     0.00000     0.00000     0.00000     0.00000     0.00000
    37.49577     0.00000     0.00000     0.00000     0.00000     0.00000     0.00000     0.00000     0.00000     0.00000     0.00000
    37.69677     0.00000     0.00000     0.00000     0.00000     0.00000     0.00000     0.00000     0.00000     0.00000     0.00000
    37.89677     0.00000     0.00000     0.00000     0.00000     0.00000     0.00000     0.00000     0.00000     0.00000     0.00000
    38.09777     0.00000     0.00000     0.00000     0.00000     0.00000     0.00000     0.00000     0.00000     0.00000     0.00000
    38.29877     0.00000     0.00000     0.00000     0.00000     0.00000     0.00000     0.00000     0.00000     0.00000     0.00000
    38.49877     0.00000     0.00000     0.00000     0.00000     0.00000     0.00000     0.00000     0.00000     0.00000     0.00000
    38.69977     0.00000     0.00000     0.00000     0.00000     0.00000     0.00000     0.00000     0.00000     0.00000     0.00000
    38.89977     0.00000     0.00000     0.00000     0.00000     0.00000     0.00000     0.00000     0.00000     0.00000     0.00000
    39.10077     0.00000     0.00000     0.00000     0.00000     0.00000     0.00000     0.00000     0.00000     0.00000     0.00000
    39.30177     0.00000     0.00000     0.00000     0.00000     0.00000     0.00000     0.00000     0.00000     0.00000     0.00000
