      #Energy        TDOS-UP        TDOS-DOWN
     -20.87323       0.00000       0.00000
     -20.67223       0.00000       0.00000
     -20.47223       0.00000       0.00000
     -20.27123       0.00000       0.00000
     -20.07023       0.00000       0.00000
     -19.87023       0.00000       0.00000
     -19.66923       0.00000       0.00000
     -19.46923       0.00000       0.00000
     -19.26823       0.00000       0.00000
     -19.06723       0.00000       0.00000
     -18.86723       0.00000       0.00000
     -18.66623       0.00000      -0.00000
     -18.46623       0.00000      -0.00000
     -18.26523       0.00197      -0.00197
     -18.06523       0.13700      -0.13690
     -17.86423       0.37030      -0.37030
     -17.66323       0.37750      -0.37750
     -17.46323       0.39940      -0.39930
     -17.26223       0.41820      -0.41830
     -17.06223       0.34610      -0.34610
     -16.86123       0.48480      -0.48470
     -16.66123       0.43930      -0.43940
     -16.46023       0.37580      -0.37590
     -16.25923       0.45550      -0.45520
     -16.05923       0.58990      -0.59000
     -15.85823       0.49130      -0.49120
     -15.65823       0.41820      -0.41830
     -15.45723       0.76620      -0.76580
     -15.25623       0.74770      -0.74780
     -15.05623       0.94170      -0.94150
     -14.85523       1.12000      -1.12000
     -14.65523       0.61580      -0.61610
     -14.45423       0.43750      -0.43780
     -14.25423       0.03725      -0.03741
     -14.05323       0.00001      -0.00001
     -13.85223       0.00000      -0.00000
     -13.65223       0.00000       0.00000
     -13.45123       0.00000       0.00000
     -13.25123       0.00000       0.00000
     -13.05023       0.00000       0.00000
     -12.84923       0.00000       0.00000
     -12.64923       0.00000       0.00000
     -12.44823       0.00000       0.00000
     -12.24823       0.00000       0.00000
     -12.04723       0.00000       0.00000
     -11.84723       0.00000       0.00000
     -11.64623       0.00000       0.00000
     -11.44523       0.00000       0.00000
     -11.24523       0.00000       0.00000
     -11.04423       0.00000       0.00000
     -10.84423       0.00000       0.00000
     -10.64323       0.00000       0.00000
     -10.44323       0.00000       0.00000
     -10.24223       0.00000       0.00000
     -10.04123       0.00000       0.00000
      -9.84123       0.00000      -0.00000
      -9.64023       0.00000      -0.00000
      -9.44023       0.01401      -0.01402
      -9.23923       0.42040      -0.42050
      -9.03823       0.50570      -0.50560
      -8.83823       0.78100      -0.78100
      -8.63723       0.69580      -0.69580
      -8.43723       0.80910      -0.80900
      -8.23623       0.79290      -0.79300
      -8.03623       0.36330      -0.36330
      -7.83523       0.27000      -0.26990
      -7.63423       0.68520      -0.68520
      -7.43423       0.26950      -0.26960
      -7.23323       0.43340      -0.43330
      -7.03323       0.35200      -0.35200
      -6.83223       0.55050      -0.55050
      -6.63123       0.48590      -0.48590
      -6.43123       0.52860      -0.52860
      -6.23023       0.36350      -0.36350
      -6.03023       0.66510      -0.66510
      -5.82923       0.62580      -0.62600
      -5.62923       0.51810      -0.51810
      -5.42823       0.82450      -0.82430
      -5.22723       1.00600      -1.00600
      -5.02723       0.83660      -0.83660
      -4.82623       1.03200      -1.03200
      -4.62623       1.26800      -1.26800
      -4.42523       1.10300      -1.10300
      -4.22523       1.24300      -1.24300
      -4.02423       0.73130      -0.73130
      -3.82323       0.94750      -0.94740
      -3.62323       0.86190      -0.86220
      -3.42223       0.72310      -0.72290
      -3.22223       0.68000      -0.68020
      -3.02123       0.72690      -0.72640
      -2.82023       0.88490      -0.88520
      -2.62023       0.68960      -0.68950
      -2.41923       0.53660      -0.53670
      -2.21923       0.88180      -0.88170
      -2.01823       0.62760      -0.62750
      -1.81823       0.77840      -0.77860
      -1.61723       0.57760      -0.57750
      -1.41623       0.59360      -0.59350
      -1.21623       0.75100      -0.75090
      -1.01523       0.56290      -0.56280
      -0.81523       0.39200      -0.39200
      -0.61423       0.34130      -0.34120
      -0.41323       0.17820      -0.17840
      -0.21323       0.00402      -0.00404
      -0.01223       0.00000      -0.00000
       0.18777       0.00000      -0.00000
       0.38877       0.00000       0.00000
       0.58877       0.00000       0.00000
       0.78977       0.00000       0.00000
       0.99077       0.00000       0.00000
       1.19077       0.00000       0.00000
       1.39177       0.00000       0.00000
       1.59177       0.00000       0.00000
       1.79277       0.00000       0.00000
       1.99377       0.00000       0.00000
       2.19377       0.00000       0.00000
       2.39477       0.00000       0.00000
       2.59477       0.00000       0.00000
       2.79577       0.00000       0.00000
       2.99577       0.00000       0.00000
       3.19677       0.00000       0.00000
       3.39777       0.00000      -0.00000
       3.59777       0.00000      -0.00000
       3.79877       0.00040      -0.00041
       3.99877       0.08286      -0.08373
       4.19977       0.63850      -0.64050
       4.39977       0.77900      -0.77860
       4.60077       0.86690      -0.86690
       4.80177       0.73370      -0.73260
       5.00177       0.41430      -0.41410
       5.20277       0.58620      -0.58630
       5.40277       0.40360      -0.40330
       5.60377       0.51320      -0.51350
       5.80477       0.50510      -0.50460
       6.00477       0.43520      -0.43540
       6.20577       0.39710      -0.39700
       6.40577       0.52350      -0.52350
       6.60677       0.40410      -0.40420
       6.80677       0.76080      -0.76090
       7.00777       0.49220      -0.49160
       7.20877       0.34810      -0.34800
       7.40877       0.36710      -0.36710
       7.60977       0.35620      -0.35620
       7.80977       0.33630      -0.33630
       8.01077       0.37600      -0.37590
       8.21177       0.33710      -0.33740
       8.41177       0.21810      -0.21780
       8.61277       0.22670      -0.22710
       8.81277       0.40840      -0.40850
       9.01377       0.45260      -0.45280
       9.21377       0.46650      -0.46620
       9.41477       0.58680      -0.58730
       9.61577       0.75440      -0.75430
       9.81577       0.54440      -0.54420
      10.01677       0.62110      -0.62120
      10.21677       0.55990      -0.55970
      10.41777       0.64250      -0.64270
      10.61777       1.09700      -1.09800
      10.81877       1.39100      -1.39100
      11.01977       1.34700      -1.34700
      11.21977       1.27600      -1.27600
      11.42077       1.30700      -1.30700
      11.62077       1.59700      -1.59700
      11.82177       0.91970      -0.91910
      12.02277       0.94400      -0.94440
      12.22277       1.33500      -1.33600
      12.42377       0.97790      -0.97730
      12.62377       0.81050      -0.81070
      12.82477       1.05600      -1.05600
      13.02477       0.90620      -0.90560
      13.22577       0.40920      -0.40870
      13.42677       0.35400      -0.35400
      13.62677       0.56070      -0.56090
      13.82777       0.69780      -0.69800
      14.02777       0.65800      -0.65810
      14.22877       0.92290      -0.92320
      14.42977       0.99400      -0.99400
      14.62977       0.89310      -0.89300
      14.83077       0.70840      -0.70840
      15.03077       0.66420      -0.66440
      15.23177       0.74330      -0.74320
      15.43177       0.69830      -0.69790
      15.63277       0.68410      -0.68450
      15.83377       0.85070      -0.85150
      16.03377       0.99600      -0.99570
      16.23477       0.97460      -0.97430
      16.43477       0.70890      -0.70880
      16.63577       0.88170      -0.88200
      16.83577       0.80750      -0.80710
      17.03677       0.67090      -0.67120
      17.23777       0.79670      -0.79660
      17.43777       0.81740      -0.81810
      17.63877       0.96970      -0.96950
      17.83877       0.90880      -0.90850
      18.03977       0.85400      -0.85390
      18.24077       0.81510      -0.81540
      18.44077       0.86300      -0.86270
      18.64177       0.94980      -0.95050
      18.84177       1.21200      -1.21200
      19.04277       1.29900      -1.29900
      19.24277       1.14700      -1.14700
      19.44377       0.89170      -0.89150
      19.64477       0.90230      -0.90220
      19.84477       0.83350      -0.83370
      20.04577       0.99270      -0.99250
      20.24577       0.69370      -0.69390
      20.44677       0.80320      -0.80310
      20.64777       0.89210      -0.89200
      20.84777       0.76300      -0.76320
      21.04877       0.89660      -0.89640
      21.24877       0.60200      -0.60210
      21.44977       0.53470      -0.53440
      21.64977       0.49380      -0.49390
      21.85077       0.49010      -0.49000
      22.05177       0.44720      -0.44680
      22.25177       0.57360      -0.57410
      22.45277       0.55130      -0.55090
      22.65277       0.41240      -0.41240
      22.85377       0.53500      -0.53490
      23.05377       0.55140      -0.55140
      23.25477       0.48410      -0.48400
      23.45577       0.57620      -0.57690
      23.65577       0.71800      -0.71780
      23.85677       0.61150      -0.61130
      24.05677       0.56680      -0.56710
      24.25777       0.68640      -0.68670
      24.45877       0.77060      -0.77050
      24.65877       0.95320      -0.95350
      24.85977       0.75190      -0.75160
      25.05977       0.78120      -0.78140
      25.26077       0.99380      -0.99440
      25.46077       0.79250      -0.79150
      25.66177       0.52040      -0.52090
      25.86277       0.78610      -0.78670
      26.06277       1.04600      -1.04600
      26.26377       1.06600      -1.06700
      26.46377       1.13500      -1.13500
      26.66477       1.39900      -1.40000
      26.86577       1.73100      -1.73200
      27.06577       1.73500      -1.73400
      27.26677       1.32900      -1.32900
      27.46677       1.17500      -1.17500
      27.66777       1.39800      -1.39900
      27.86777       1.44000      -1.44000
      28.06877       1.42600      -1.42600
      28.26977       1.58100      -1.58100
      28.46977       1.04600      -1.04500
      28.67077       1.11300      -1.11300
      28.87077       1.15900      -1.15900
      29.07177       1.04100      -1.04100
      29.27177       0.96570      -0.96530
      29.47277       0.78660      -0.78690
      29.67377       0.92010      -0.91990
      29.87377       0.84370      -0.84370
      30.07477       0.82330      -0.82300
      30.27477       0.80820      -0.80800
      30.47577       0.71520      -0.71510
      30.67677       0.68370      -0.68350
      30.87677       0.67070      -0.67070
      31.07777       0.66280      -0.66280
      31.27777       0.63510      -0.63490
      31.47877       0.56830      -0.56830
      31.67877       0.54560      -0.54560
      31.87977       0.68660      -0.68700
      32.08077       0.75150      -0.75170
      32.28077       0.79850      -0.79890
      32.48177       0.78480      -0.78470
      32.68177       0.76120      -0.76090
      32.88277       0.63710      -0.63720
      33.08377       0.68720      -0.68740
      33.28377       0.72740      -0.72710
      33.48477       0.65120      -0.65100
      33.68477       0.59790      -0.59810
      33.88577       0.54070      -0.54030
      34.08577       0.43850      -0.43820
      34.28677       0.61940      -0.62020
      34.48777       0.50580      -0.50430
      34.68777       0.17120      -0.17120
      34.88877       0.06343      -0.06321
      35.08877       0.04503      -0.04607
      35.28977       0.03642      -0.03538
      35.48977       0.02226      -0.02232
      35.69077       0.02802      -0.02794
      35.89177       0.02796      -0.02803
      36.09177       0.03018      -0.03025
      36.29277       0.06468      -0.06463
      36.49277       0.03741      -0.03743
      36.69377       0.01998      -0.01988
      36.89477       0.00082      -0.00078
      37.09477       0.00000      -0.00000
      37.29577       0.00000      -0.00000
      37.49577       0.00000       0.00000
      37.69677       0.00000       0.00000
      37.89677       0.00000       0.00000
      38.09777       0.00000       0.00000
      38.29877       0.00000       0.00000
      38.49877       0.00000       0.00000
      38.69977       0.00000       0.00000
      38.89977       0.00000       0.00000
      39.10077       0.00000       0.00000
      39.30177       0.00000       0.00000
